File: test2.txt
------------Properties------------
Number of cities: 51
Number of chromosomes: 1000
Number of generations: 1000
Tournament candidates: 3
Crossover type: PMX
Crossover rate: 100%
Mutation type: Scramble
Mutation rate: 10%
--------------Results-------------
Average distance of first generation: 1622.1818
Average distance of last generation: 1221.2603
Best distance of first generation: 1342.3646
Best distance of last generation: 535.6796
------Average per generation------
1622.1818
1589.861
1578.1075
1566.4417
1560.72
1555.1919
1554.3303
1553.3942
1546.8772
1543.9734
1542.7328
1540.2583
1541.8065
1543.1658
1546.3629
1538.8734
1537.814
1535.763
1534.9117
1539.3092
1532.2483
1530.1337
1532.4698
1529.1154
1528.4285
1527.1128
1525.271
1527.9128
1519.8812
1520.322
1522.0096
1521.0046
1523.4564
1522.6232
1515.1222
1513.749
1516.9163
1521.9684
1525.6559
1518.6257
1517.0568
1515.9369
1510.2273
1503.2919
1506.8843
1502.5172
1500.5214
1503.1737
1502.5472
1502.9835
1503.719
1498.2506
1500.5308
1495.7262
1492.8475
1492.9636
1488.0563
1488.3737
1489.124
1488.8843
1479.6697
1480.5325
1480.6255
1482.86
1481.8217
1479.1516
1484.4316
1480.1874
1476.1619
1476.8643
1471.5424
1470.5408
1471.5668
1473.9354
1471.2909
1467.6749
1468.0673
1457.878
1457.4574
1456.8279
1458.7842
1460.6454
1457.6538
1458.4531
1451.0767
1446.9915
1447.127
1443.0537
1446.0238
1446.2911
1454.2417
1444.8022
1442.0945
1440.5144
1438.9487
1437.0854
1443.028
1432.139
1430.1312
1432.739
1435.5251
1433.7212
1430.0931
1438.5642
1442.0424
1436.72
1428.8947
1428.2115
1426.726
1430.362
1430.8958
1430.5549
1420.7385
1419.1954
1424.5106
1422.9827
1416.9346
1413.6659
1418.7756
1426.7141
1425.6365
1418.4727
1411.0284
1410.1996
1418.5322
1417.1353
1415.887
1417.4377
1414.3842
1412.1831
1406.3721
1406.9794
1409.1846
1403.1218
1407.2451
1406.2863
1403.1317
1408.3652
1409.2603
1404.3662
1396.5107
1387.8741
1383.2152
1381.4834
1379.4899
1388.2698
1387.7296
1378.9373
1386.9763
1398.3618
1396.0758
1392.4431
1390.6547
1373.5665
1379.7489
1369.4463
1382.0828
1395.0533
1384.3424
1376.3488
1375.8992
1375.2942
1377.8467
1370.4487
1365.5437
1363.698
1349.2338
1355.577
1357.0312
1353.9269
1345.4797
1351.6893
1358.8036
1350.7732
1352.23
1336.0282
1336.9734
1332.3436
1328.8379
1336.76
1331.9413
1336.9127
1338.6086
1331.1677
1330.7988
1333.3358
1324.4542
1316.3025
1315.8091
1313.889
1301.4681
1312.0496
1319.5212
1314.4008
1324.7676
1332.2174
1311.3751
1322.5497
1337.991
1333.1818
1318.5967
1326.8164
1325.9084
1335.0282
1335.2609
1321.2759
1314.1881
1315.4521
1316.5153
1334.0818
1321.1907
1304.855
1312.3419
1317.699
1308.5874
1310.5483
1307.1847
1296.8723
1299.2479
1290.3156
1287.5878
1286.6768
1288.11
1289.1243
1296.01
1285.1638
1289.7043
1281.6132
1288.9075
1291.1334
1299.0444
1305.5663
1305.102
1297.6991
1284.9448
1268.2585
1278.218
1272.3887
1271.1982
1282.5845
1280.1969
1265.4973
1285.1707
1270.0514
1282.0408
1293.7826
1287.5464
1280.3558
1275.7069
1261.1185
1257.9111
1262.6418
1259.2137
1270.7706
1276.9086
1277.5416
1267.2888
1261.736
1273.4856
1274.2412
1268.8871
1268.7087
1270.832
1257.6992
1247.7397
1246.9225
1254.7823
1264.7412
1253.523
1254.2672
1266.3706
1249.3917
1250.5773
1268.5646
1264.2173
1258.5798
1255.783
1258.2876
1249.489
1246.706
1244.7035
1237.4918
1236.149
1253.8105
1238.4224
1245.8097
1239.0576
1226.5511
1255.0186
1256.8184
1260.3634
1265.4873
1254.2504
1250.3973
1240.2117
1232.6904
1258.139
1260.4357
1265.9077
1262.4408
1261.5715
1250.6179
1249.4524
1257.6644
1255.132
1259.9604
1263.5016
1256.1438
1267.2686
1257.1366
1252.7565
1252.1638
1243.8417
1244.3678
1251.2262
1252.9753
1250.2709
1249.8726
1233.6721
1245.929
1245.0612
1251.182
1229.8997
1228.5928
1243.992
1243.9137
1229.077
1236.5088
1235.6909
1251.1549
1239.3446
1241.273
1244.5829
1241.624
1258.9324
1262.621
1252.9082
1246.0917
1241.556
1258.313
1235.7013
1239.7179
1246.2635
1232.1311
1245.5908
1246.0259
1229.6447
1238.0209
1240.7794
1239.2574
1246.8335
1252.9875
1257.0706
1254.9882
1244.3334
1240.7933
1236.562
1230.8795
1240.2004
1232.4991
1235.349
1241.8125
1231.111
1238.998
1233.0238
1239.3069
1232.934
1243.746
1242.1675
1248.1763
1246.4163
1227.2523
1217.0968
1230.0424
1235.1627
1236.5977
1248.2228
1231.2289
1234.2039
1216.8657
1227.9912
1233.7773
1245.808
1248.3894
1251.8713
1256.2314
1261.6547
1252.6376
1239.9512
1238.8566
1239.1569
1225.8491
1221.3778
1237.3726
1251.8177
1261.142
1265.2875
1255.1237
1254.2465
1249.379
1243.8372
1245.5951
1235.5712
1222.1492
1216.1522
1218.3092
1212.1638
1214.7806
1222.0135
1215.9894
1228.0797
1226.8536
1239.7015
1228.2169
1244.4745
1253.8683
1256.0168
1251.1633
1249.2457
1245.855
1235.7126
1230.0448
1235.9579
1235.2549
1240.6088
1254.0967
1245.8224
1245.4652
1256.5378
1246.1078
1239.0986
1236.4894
1246.2681
1232.3331
1240.5397
1258.2614
1244.5433
1240.5659
1226.9956
1226.3894
1256.0388
1250.5215
1257.8302
1244.6111
1241.0349
1242.8279
1247.0326
1237.9952
1232.8851
1235.1855
1224.9537
1241.4291
1241.1387
1236.9896
1233.1332
1232.9811
1227.1255
1238.0741
1240.1722
1238.5682
1241.9955
1251.8824
1257.187
1254.2279
1244.3743
1254.5977
1249.176
1249.055
1234.4059
1242.3248
1237.124
1237.6942
1246.5028
1247.7513
1229.2117
1224.1578
1224.91
1239.0742
1219.9941
1226.2653
1231.1909
1243.706
1245.272
1243.7444
1259.7542
1251.2131
1263.8013
1245.9598
1234.2622
1253.8986
1260.0851
1267.8254
1260.5101
1250.0804
1238.3252
1231.1487
1226.6827
1230.8134
1240.1831
1247.1263
1242.7606
1242.1538
1232.092
1241.973
1260.4489
1247.8677
1251.3921
1252.4014
1243.1722
1246.056
1236.239
1248.8705
1239.6798
1235.8792
1236.6804
1236.9487
1229.4127
1230.1705
1218.8757
1225.986
1221.8134
1216.6589
1215.8711
1222.9486
1240.3916
1239.7029
1238.5568
1224.2657
1238.8527
1239.4109
1244.2639
1237.2023
1236.8883
1233.1442
1229.2214
1236.4744
1243.7228
1240.941
1236.3658
1240.8513
1235.806
1231.9658
1241.505
1248.8645
1237.0809
1246.1998
1235.8418
1246.3383
1247.0679
1243.8135
1247.0686
1235.7084
1217.5774
1214.46
1213.8073
1232.4873
1230.1577
1237.9465
1238.0387
1242.7793
1222.8163
1220.3177
1218.5319
1228.9176
1240.1451
1238.6719
1238.8274
1247.4048
1251.8196
1237.3562
1234.831
1246.1549
1234.4111
1245.7632
1239.173
1235.678
1233.569
1223.2164
1225.9203
1222.7913
1218.972
1210.049
1223.121
1241.5244
1246.0895
1238.152
1249.9395
1252.3877
1248.3334
1247.9938
1244.6133
1252.0679
1239.6884
1231.0627
1226.7466
1236.1553
1231.3652
1227.2517
1227.0764
1236.2861
1232.9263
1226.9125
1229.413
1239.5105
1225.6532
1226.2413
1229.8351
1227.4784
1230.7585
1227.7198
1208.756
1236.7594
1244.0417
1243.1404
1246.5144
1240.6218
1241.3632
1236.3085
1247.7074
1241.0885
1247.562
1255.376
1243.9703
1250.3936
1239.6927
1234.7307
1231.2559
1224.1102
1224.796
1228.2775
1231.7224
1225.5616
1224.3949
1221.6399
1224.9425
1223.1091
1226.7666
1209.0188
1221.1127
1211.2452
1223.619
1233.0575
1233.8636
1219.5681
1222.7472
1230.7675
1229.4093
1224.2589
1226.4355
1214.5042
1208.9944
1236.8447
1247.7284
1237.1011
1230.8829
1224.2273
1218.7512
1207.8278
1218.1812
1221.6226
1206.5018
1217.7222
1216.7855
1219.2587
1218.6581
1242.5488
1246.5498
1240.6332
1254.3893
1240.469
1233.3492
1228.7566
1231.3911
1248.2932
1233.9305
1222.5222
1241.6108
1249.8287
1246.0741
1237.2317
1235.3269
1250.7329
1236.8152
1223.2167
1217.7229
1228.8444
1233.7826
1234.6211
1237.7693
1240.8215
1234.4985
1231.6436
1233.2881
1242.4083
1243.5181
1248.2289
1247.797
1230.838
1230.2324
1227.5076
1238.4917
1235.1595
1232.333
1235.7789
1230.0112
1239.1732
1232.256
1221.0892
1215.3997
1205.373
1214.4343
1221.8201
1205.8331
1210.8303
1219.1522
1223.2896
1240.1014
1243.4935
1230.1243
1230.1904
1229.1906
1233.3274
1243.8356
1243.7261
1236.3594
1244.3274
1240.0762
1236.4451
1217.6807
1241.189
1258.8209
1263.1193
1252.4614
1241.5931
1238.5094
1243.0101
1233.6926
1247.1592
1237.1476
1238.3987
1237.377
1237.4094
1236.762
1219.5813
1219.3585
1229.6238
1215.632
1223.0242
1230.3032
1222.6832
1236.5781
1217.7645
1227.983
1231.385
1216.448
1228.4097
1252.9204
1243.6271
1235.9642
1250.2355
1257.069
1257.1936
1243.5336
1227.1371
1231.3335
1244.6663
1238.5304
1236.3915
1228.8977
1225.0808
1238.4036
1241.1222
1221.1781
1238.206
1224.4882
1234.927
1237.9979
1242.6185
1234.7627
1237.5051
1239.8441
1234.3804
1240.4663
1244.2806
1239.2671
1236.1013
1235.1564
1253.5609
1246.7087
1240.8716
1242.4238
1244.2594
1236.7609
1240.685
1237.8157
1242.2878
1229.9445
1244.6536
1247.5973
1248.0513
1235.5542
1239.8497
1236.991
1243.0935
1243.5056
1233.072
1243.9681
1245.9985
1243.4254
1246.4272
1240.6039
1235.1743
1233.5245
1232.0004
1238.8058
1241.9674
1227.313
1217.0306
1227.9181
1221.3865
1223.1753
1212.2351
1217.6863
1224.2731
1232.0636
1226.5178
1235.2758
1235.5442
1219.0165
1223.4998
1211.4104
1225.2512
1227.3005
1239.4078
1221.7717
1213.3885
1217.8691
1217.2876
1207.739
1210.7726
1224.6041
1221.1313
1210.0688
1205.8174
1225.2491
1231.8822
1242.6425
1245.2031
1238.9465
1245.1204
1233.1073
1243.1348
1234.6462
1232.425
1233.5583
1226.5442
1222.242
1235.6403
1237.2887
1223.5453
1228.3906
1223.2075
1232.4938
1238.0662
1240.4614
1245.6179
1253.5232
1257.2798
1248.8417
1229.2942
1228.3195
1229.5616
1234.4263
1228.2164
1224.625
1245.1112
1242.3777
1244.7529
1237.2908
1239.6508
1232.548
1240.4034
1229.989
1252.962
1252.7452
1265.2745
1240.3887
1250.9891
1254.1792
1256.8407
1258.3662
1244.4854
1245.3909
1240.8832
1238.8926
1221.3994
1228.0543
1222.2277
1238.0852
1222.4042
1245.1763
1239.8296
1233.4192
1236.1772
1237.9995
1239.7906
1235.5985
1224.3687
1238.8007
1244.6388
1233.4961
1239.4551
1239.2207
1255.3943
1247.0347
1259.2653
1264.9318
1248.895
1250.9694
1242.9802
1247.1677
1242.4846
1227.2892
1227.5027
1235.8331
1231.9445
1224.3315
1219.5404
1230.817
1227.5834
1207.0656
1192.642
1220.3575
1231.4801
1237.6559
1243.6366
1239.3275
1243.9338
1240.7784
1232.9242
1236.472
1246.6274
1247.3508
1254.5387
1235.7454
1247.4431
1244.9945
1239.8595
1247.1265
1243.8696
1232.6838
1247.8323
1251.663
1264.4934
1251.5177
1242.0249
1248.9359
1237.5858
1225.2311
1224.5262
1223.7231
1233.7537
1230.9819
1227.5865
1239.4816
1225.2654
1238.2314
1233.8436
1230.233
1231.9513
1247.5396
1246.7437
1245.4768
1261.4675
1259.2966
1252.0626
1257.3029
1243.9906
1237.8033
1235.0707
1220.9431
1219.6057
1211.4774
1225.6936
1228.1198
1233.5043
1229.236
1241.6014
1235.0122
1234.681
1227.7512
1219.9791
1221.3578
1216.8337
1211.9457
1233.8387
1239.8376
1240.0488
1223.3912
1221.2603
-------Best per generation--------
1342.3646
1310.7244
1310.7244
1310.7244
1295.4097
1295.4097
1247.8038
1247.8038
1247.8038
1247.8038
1247.8038
1229.2495
1229.2495
1229.2495
1229.2495
1229.2495
1229.2495
1229.2495
1229.2495
1222.2858
1222.2858
1222.2858
1222.2858
1183.0251
1183.0251
1183.0251
1183.0251
1183.0251
1183.0251
1183.0251
1183.0251
1183.0251
1183.0251
1170.2322
1170.2322
1165.7218
1165.7218
1165.7218
1165.7218
1165.7218
1163.1582
1163.1582
1145.2496
1070.4996
1070.4996
1070.4996
1070.4996
1070.4996
1070.4996
1070.4996
1070.4996
1070.4996
1070.4996
1070.4996
1070.4996
1044.486
1044.486
1044.486
1044.486
1044.486
1044.486
1044.486
1044.486
1044.486
1044.486
1044.486
1044.486
1044.486
1044.486
1044.486
1044.486
1044.486
1044.486
1044.486
1044.486
1044.486
1042.7974
1041.4026
1041.4026
999.79675
999.79675
999.79675
999.79675
999.79675
999.79675
999.79675
999.79675
999.79675
963.8394
963.8394
963.8394
963.8394
963.8394
963.8394
963.8394
963.8394
963.8394
954.0478
940.92255
940.92255
940.92255
940.92255
940.92255
940.92255
940.92255
940.92255
940.92255
940.92255
940.92255
940.92255
930.5113
930.5113
930.5113
930.5113
930.5113
915.527
915.527
915.527
915.527
915.527
915.527
915.527
915.527
915.527
898.1554
898.1554
898.1554
898.1554
898.1554
898.1554
898.1554
898.1554
898.1554
898.1554
889.5547
871.51776
871.51776
871.51776
871.51776
871.51776
870.88617
870.88617
870.88617
870.88617
870.88617
870.88617
844.48706
844.48706
804.97345
804.97345
804.97345
804.97345
804.97345
804.97345
804.97345
804.97345
804.97345
804.97345
797.6523
797.6523
791.22504
791.22504
791.22504
791.22504
789.4953
789.4953
789.4953
755.131
755.131
755.131
755.131
755.131
755.131
755.131
755.131
729.7344
729.7344
729.7344
729.7344
729.7344
729.7344
729.7344
725.9893
725.9893
725.9893
725.9893
725.9893
708.4419
708.4419
708.4419
708.4419
708.4419
691.86816
691.86816
691.86816
691.86816
691.86816
691.86816
691.86816
684.7299
684.7299
684.7299
684.7299
684.7299
663.97943
663.97943
663.97943
663.97943
663.97943
663.97943
663.97943
663.97943
663.97943
663.97943
663.97943
663.97943
662.87573
662.87573
662.87573
662.87573
662.4759
648.1799
648.1799
648.1799
648.1799
648.1799
648.07446
647.43994
647.43994
647.43994
644.51324
644.51324
644.51324
644.51324
644.51324
642.82715
642.82715
642.82715
632.3786
608.2778
608.2778
608.2778
608.2778
608.2778
608.2778
608.2778
608.2778
608.2778
608.2778
608.2778
608.2778
605.1802
605.1802
605.1802
605.1802
605.1802
605.1802
605.1802
603.5636
603.5636
603.5636
603.3927
603.3927
603.3927
600.466
600.466
599.6988
599.6988
599.6988
599.6988
599.6988
596.9421
596.9421
596.9421
596.9421
596.7721
596.6012
594.9846
591.887
591.887
591.887
591.887
591.887
591.887
591.887
591.887
591.887
590.15063
590.15063
590.15063
590.15063
590.15063
590.15063
590.15063
590.15063
588.36316
588.36316
588.36316
588.36316
588.36316
585.963
585.963
585.963
585.963
585.963
585.963
585.963
585.963
585.963
585.963
582.43915
582.43915
582.43915
582.43915
573.54205
573.54205
573.54205
573.54205
571.80566
571.80566
571.80566
571.80566
571.80566
570.0182
570.0182
570.0182
570.0182
570.0182
570.0182
570.0182
570.0182
570.0182
570.0182
570.0182
570.0182
570.0182
570.0182
570.0182
570.0182
570.0182
570.0182
570.0182
570.0182
570.0182
570.0182
570.0182
570.0182
570.0182
570.0182
570.0182
570.0182
568.1673
568.1673
568.1673
562.75385
562.75385
562.75385
562.75385
562.75385
562.75385
562.75385
562.75385
562.75385
562.75385
562.75385
561.7156
561.7156
561.7156
561.7156
561.7156
561.7156
561.7156
559.47614
559.47614
559.47614
559.47614
559.47614
554.4512
554.4512
554.4512
552.60034
552.60034
552.60034
552.60034
552.60034
552.60034
552.60034
552.60034
552.60034
552.60034
552.60034
552.60034
552.60034
552.60034
552.60034
552.60034
552.60034
552.60034
552.60034
552.60034
552.60034
552.60034
546.7954
546.7954
546.7954
546.7954
546.7954
546.7954
546.7954
546.7954
546.7954
546.7954
546.7954
546.7954
546.7954
546.7954
546.7954
546.7954
546.7954
546.7954
546.7954
546.7954
546.7954
546.7954
546.7954
546.7954
546.7954
546.7954
546.7954
546.7954
546.7954
546.7954
546.7954
546.7954
546.7954
546.7954
546.7954
546.7954
546.7954
546.7954
546.7954
546.7954
546.7954
546.7954
546.7954
546.7954
546.7954
546.7954
546.7954
546.7954
546.7954
546.7954
546.7954
546.7954
546.7954
546.7954
546.7954
546.7954
546.7954
546.7954
546.7954
546.7954
546.7954
546.7954
546.7954
546.7954
546.7954
546.7954
546.7954
546.7954
546.7954
546.7954
546.7954
546.7954
546.7954
546.7954
546.7954
546.7954
546.7954
546.7954
546.7954
546.7954
546.7954
546.7954
546.7954
546.7954
546.7954
546.7954
546.7954
546.7954
546.7954
546.7954
546.7954
546.7954
541.933
541.933
541.933
541.933
541.933
541.933
541.933
541.933
541.933
541.933
541.933
541.933
541.933
541.933
541.933
541.933
541.933
541.933
541.933
540.2223
540.2223
540.2223
540.2223
540.2223
540.2223
540.2223
540.2223
540.2223
540.2223
540.2223
540.2223
540.2223
540.2223
540.2223
540.2223
540.2223
540.2223
540.2223
540.2223
540.2223
540.2223
540.2223
540.2223
540.2223
540.2223
540.2223
540.2223
540.2223
540.2223
540.2223
540.2223
540.2223
540.2223
540.2223
540.2223
540.2223
540.2223
540.2223
540.2223
540.2223
540.2223
540.2223
540.2223
540.2223
540.2223
540.2223
540.2223
540.2223
540.2223
540.2223
540.2223
540.2223
540.2223
540.2223
540.2223
540.2223
540.2223
540.2223
540.2223
540.2223
540.2223
540.2223
540.2223
540.2223
540.2223
540.2223
540.2223
540.2223
540.2223
540.2223
540.2223
540.2223
540.2223
540.2223
540.2223
540.2223
540.2223
540.2223
540.2223
540.2223
540.2223
540.2223
540.2223
540.2223
540.2223
540.2223
540.2223
540.2223
540.2223
540.2223
540.2223
540.2223
540.2223
540.2223
540.2223
540.2223
540.2223
540.2223
540.2223
540.2223
540.2223
540.2223
540.2223
540.2223
540.2223
540.2223
540.2223
540.2223
540.2223
540.2223
540.2223
540.2223
540.2223
540.2223
540.2223
540.2223
540.2223
540.2223
540.2223
540.2223
540.2223
540.2223
540.2223
540.2223
540.2223
540.2223
540.2223
540.2223
540.2223
540.2223
540.2223
540.2223
540.2223
540.2223
540.2223
540.2223
540.2223
540.2223
540.2223
540.2223
540.2223
540.2223
540.2223
540.2223
540.2223
540.2223
540.2223
540.2223
540.2223
540.2223
540.2223
540.2223
540.2223
540.2223
540.2223
540.2223
540.2223
540.2223
540.2223
540.2223
540.2223
540.2223
540.2223
540.2223
540.2223
540.2223
540.2223
540.2223
540.2223
540.2223
540.2223
540.2223
540.2223
540.2223
540.2223
540.2223
540.2223
540.2223
540.2223
540.2223
540.2223
540.2223
540.2223
540.2223
540.2223
540.2223
540.2223
540.2223
540.2223
540.2223
540.2223
540.2223
540.2223
540.2223
540.2223
540.2223
540.2223
540.2223
540.2223
540.2223
540.2223
540.2223
540.2223
538.14813
538.14813
538.14813
538.14813
538.14813
538.14813
538.14813
538.14813
538.14813
538.14813
538.14813
538.14813
538.14813
538.14813
538.14813
538.14813
538.14813
538.14813
538.14813
538.14813
538.14813
538.14813
538.14813
538.14813
538.14813
538.14813
538.14813
538.14813
538.14813
538.14813
538.14813
538.14813
538.14813
538.14813
538.14813
538.14813
538.14813
538.14813
538.14813
538.14813
538.14813
538.14813
538.14813
538.14813
538.14813
538.14813
538.14813
538.14813
538.14813
538.14813
538.14813
538.14813
538.14813
538.14813
538.14813
538.14813
538.14813
538.14813
538.14813
535.6796
535.6796
535.6796
535.6796
535.6796
535.6796
535.6796
535.6796
535.6796
535.6796
535.6796
535.6796
535.6796
535.6796
535.6796
535.6796
535.6796
535.6796
535.6796
535.6796
535.6796
535.6796
535.6796
535.6796
535.6796
535.6796
535.6796
535.6796
535.6796
535.6796
535.6796
535.6796
535.6796
535.6796
535.6796
535.6796
535.6796
535.6796
535.6796
535.6796
535.6796
535.6796
535.6796
535.6796
535.6796
535.6796
535.6796
535.6796
535.6796
535.6796
535.6796
535.6796
535.6796
535.6796
535.6796
535.6796
535.6796
535.6796
535.6796
535.6796
535.6796
535.6796
535.6796
535.6796
535.6796
535.6796
535.6796
535.6796
535.6796
535.6796
535.6796
535.6796
535.6796
535.6796
535.6796
535.6796
535.6796
535.6796
535.6796
535.6796
535.6796
535.6796
535.6796
535.6796
535.6796
535.6796
535.6796
535.6796
535.6796
535.6796
535.6796
535.6796
535.6796
535.6796
535.6796
535.6796
535.6796
535.6796
535.6796
535.6796
535.6796
535.6796
535.6796
535.6796
535.6796
535.6796
535.6796
535.6796
535.6796
535.6796
535.6796
535.6796
535.6796
535.6796
535.6796
535.6796
535.6796
535.6796
535.6796
535.6796
535.6796
535.6796
535.6796
535.6796
535.6796
535.6796
535.6796
535.6796
535.6796
535.6796
535.6796
535.6796
535.6796
535.6796
535.6796
535.6796
535.6796
535.6796
535.6796
535.6796
535.6796
535.6796
535.6796
535.6796
535.6796
535.6796
535.6796
535.6796
535.6796
535.6796
535.6796
535.6796
535.6796
535.6796
535.6796
535.6796
535.6796
535.6796
535.6796
535.6796
535.6796
535.6796
535.6796
535.6796
535.6796
535.6796
535.6796
535.6796
535.6796
535.6796
535.6796
535.6796
535.6796
535.6796
535.6796
535.6796
535.6796
535.6796
535.6796
535.6796
535.6796
535.6796
535.6796
535.6796
535.6796
535.6796
535.6796
535.6796
535.6796
535.6796
535.6796
535.6796
535.6796
535.6796
535.6796
535.6796
535.6796
535.6796
535.6796
535.6796
535.6796
535.6796
535.6796
535.6796
535.6796
535.6796
535.6796
535.6796
535.6796
535.6796
535.6796
535.6796
535.6796
535.6796
535.6796
535.6796
535.6796
535.6796
535.6796
535.6796
535.6796
535.6796
535.6796
535.6796
EOF
