File: test2.txt
------------Properties------------
Number of cities: 51
Number of chromosomes: 1000
Number of generations: 1000
Tournament candidates: 3
Crossover type: PMX
Crossover rate: 100%
Mutation type: Inversion
Mutation rate: 10%
--------------Results-------------
Average distance of first generation: 1619.8954
Average distance of last generation: 1217.3103
Best distance of first generation: 1345.1135
Best distance of last generation: 497.5592
------Average per generation------
1619.8954
1588.7659
1574.2665
1570.7413
1560.003
1557.9227
1555.8711
1549.5947
1547.9078
1549.3765
1549.5186
1544.9854
1545.2852
1542.816
1541.847
1538.4136
1539.1417
1533.7753
1538.9703
1539.6965
1537.4857
1530.0048
1533.6367
1532.715
1533.0812
1530.1702
1532.1256
1531.3174
1532.9835
1529.6194
1528.2982
1527.5891
1529.9329
1527.0687
1525.194
1523.3491
1520.3782
1522.95
1519.8937
1521.9574
1519.3899
1517.9078
1519.9135
1519.5894
1520.5944
1519.78
1516.0676
1509.0643
1508.2898
1505.6427
1504.3121
1505.701
1495.4442
1503.5205
1500.7509
1493.5645
1498.4572
1497.648
1500.6552
1501.3075
1499.6255
1497.5376
1495.0537
1495.1552
1499.6082
1495.113
1497.8445
1494.7565
1490.0686
1487.8444
1487.9622
1488.6495
1491.0785
1488.9076
1488.6356
1490.1573
1485.1255
1490.0563
1490.7867
1492.024
1490.713
1488.8265
1486.1045
1484.0645
1482.4948
1484.194
1484.8158
1483.2445
1484.0826
1481.4608
1481.0786
1479.6171
1480.8254
1481.8706
1483.0632
1481.1034
1474.4648
1475.1152
1472.2258
1474.9537
1472.901
1477.4467
1474.7496
1474.6779
1474.3119
1469.8763
1464.2815
1470.141
1473.6237
1476.0278
1470.8033
1474.4402
1464.2501
1466.662
1464.3738
1461.9471
1463.6047
1463.89
1461.1996
1461.0907
1459.6653
1465.8298
1461.3156
1454.7509
1453.5735
1456.3212
1455.83
1458.9465
1456.7081
1449.6215
1456.1277
1451.3486
1454.4387
1457.7916
1455.8485
1447.8118
1451.4043
1454.4377
1454.7191
1453.3906
1447.5283
1445.8728
1445.0499
1452.0752
1451.672
1454.5192
1448.0209
1446.4415
1446.4137
1445.3425
1440.2415
1441.197
1444.4785
1445.5718
1446.1572
1439.1018
1434.0172
1429.5566
1425.8656
1427.6642
1426.2395
1424.8323
1430.9875
1421.5044
1421.3434
1422.3175
1423.7404
1429.3998
1428.787
1427.7583
1423.9786
1416.0127
1413.5288
1414.8057
1408.7461
1411.5712
1410.7747
1406.2158
1401.6989
1401.2292
1397.9838
1396.6316
1399.5486
1393.6556
1388.2236
1397.4658
1395.6078
1391.1627
1381.5194
1378.3241
1377.1996
1371.4237
1360.563
1364.7524
1369.9865
1369.7123
1387.242
1382.8397
1376.0607
1374.086
1379.5723
1374.6876
1369.8519
1366.8821
1363.5667
1366.0244
1353.809
1362.4065
1356.6406
1355.15
1348.9423
1343.3822
1347.402
1337.7056
1345.2634
1347.843
1342.7721
1343.8761
1344.1577
1350.0911
1355.6583
1357.8163
1355.0288
1353.5482
1350.823
1344.4377
1351.9347
1359.3864
1357.85
1353.0232
1349.8871
1339.2245
1355.7101
1351.5009
1353.5016
1342.0283
1345.7798
1352.5717
1343.6395
1338.209
1343.2511
1338.97
1342.7524
1349.1486
1347.0782
1337.4067
1327.7721
1326.7725
1327.32
1331.3489
1326.0747
1312.8679
1308.4786
1315.5278
1331.2701
1328.4846
1332.6346
1333.5641
1335.583
1327.848
1324.5111
1326.7997
1319.2902
1315.5817
1307.1473
1316.004
1316.0215
1312.9417
1311.3429
1316.4961
1307.0022
1316.5629
1311.2611
1314.4502
1311.5549
1300.4437
1298.5824
1305.4575
1329.0262
1319.1412
1317.4437
1309.8358
1298.5908
1305.1135
1295.1154
1304.9701
1299.382
1298.7556
1292.4976
1301.8933
1312.7892
1306.8987
1304.2358
1311.0946
1319.1433
1311.3071
1315.1831
1302.6334
1302.4133
1301.7434
1311.7911
1312.9418
1312.7537
1307.2247
1304.7262
1309.4791
1316.682
1315.7426
1308.9668
1308.543
1305.1846
1298.1617
1293.2869
1300.655
1304.5748
1301.8485
1309.5352
1304.1439
1305.7042
1304.6212
1301.9838
1314.936
1313.2275
1308.2322
1289.8126
1288.4567
1277.4431
1284.8778
1300.3813
1281.2632
1281.6791
1280.2655
1274.2709
1293.6837
1304.1589
1297.0032
1295.3837
1279.0165
1271.2339
1267.0721
1274.0326
1276.5345
1272.5801
1275.0264
1287.2545
1290.349
1304.6217
1309.5302
1307.2936
1298.1964
1289.7299
1297.7466
1294.2454
1293.1938
1305.8649
1293.1991
1289.3865
1272.1431
1274.2786
1289.3058
1281.11
1263.7092
1262.8411
1272.7751
1265.9928
1262.7651
1264.7333
1259.5815
1274.3939
1279.0875
1285.1528
1295.2837
1283.5889
1278.1158
1271.8237
1280.4698
1272.8271
1261.662
1266.1798
1274.399
1276.693
1285.5132
1279.8368
1273.9324
1273.5059
1284.8279
1286.259
1278.8975
1287.9292
1283.4711
1274.5258
1269.4368
1278.0293
1279.0886
1262.94
1270.6465
1276.1208
1288.2449
1278.7183
1277.4073
1268.6031
1266.0457
1267.9705
1263.95
1264.7758
1254.9476
1264.9414
1255.4324
1258.3468
1265.085
1279.0249
1274.9951
1260.7814
1269.3473
1273.0573
1270.2498
1267.4636
1268.0312
1264.366
1245.284
1256.8007
1253.3552
1255.3901
1251.1285
1252.3058
1261.6936
1269.3622
1276.1385
1270.362
1281.0676
1283.5825
1282.6559
1279.2656
1280.3849
1276.6573
1267.9135
1276.507
1280.312
1276.1594
1280.6969
1263.0692
1271.067
1263.5582
1276.369
1270.0009
1263.1257
1251.1146
1252.2855
1249.071
1252.6711
1243.6538
1267.6882
1267.1877
1270.4121
1267.9587
1257.2479
1254.1108
1246.4886
1257.2606
1254.4546
1244.4762
1243.371
1245.8662
1242.2855
1240.9277
1265.232
1260.9187
1280.3295
1273.0465
1258.1709
1257.1029
1255.232
1247.9912
1255.8602
1263.6959
1273.8992
1269.8857
1261.3805
1265.9379
1274.0778
1259.5618
1250.516
1258.3953
1254.1879
1249.0106
1252.3718
1249.0144
1247.7676
1257.6898
1229.7166
1250.0704
1242.7705
1253.2229
1252.5343
1243.2582
1249.2522
1248.7997
1258.8989
1266.2668
1265.6809
1270.8676
1276.4484
1273.0381
1270.4142
1262.249
1244.2288
1240.9132
1257.2205
1243.5972
1252.5403
1243.6167
1249.6676
1257.1919
1267.2888
1246.535
1253.8997
1269.8049
1275.4639
1263.702
1262.5093
1244.5558
1263.5813
1247.9899
1246.3024
1245.827
1250.581
1246.8599
1241.5012
1237.2205
1241.3452
1233.7247
1245.8137
1238.2601
1236.3676
1250.9213
1239.3384
1235.5024
1236.235
1240.424
1250.8856
1239.577
1230.4957
1233.8314
1236.75
1227.2446
1241.8214
1238.964
1241.1433
1243.635
1254.6218
1249.0012
1253.417
1245.1626
1243.4532
1252.5267
1244.9708
1237.4934
1230.056
1242.1738
1252.8351
1254.2544
1249.5996
1248.5521
1262.8677
1264.0154
1244.5082
1235.8107
1238.6814
1230.1685
1248.3292
1254.5927
1252.594
1242.8127
1247.8905
1248.5709
1252.6102
1241.0874
1236.2217
1230.2255
1236.9893
1259.2783
1242.9868
1217.5885
1225.9175
1229.3031
1227.5923
1229.1147
1222.4689
1220.2313
1233.9803
1228.632
1220.7551
1227.8611
1227.8536
1261.9448
1258.088
1239.8964
1246.2709
1244.0645
1253.0631
1246.2731
1249.1633
1241.062
1237.699
1244.4495
1252.5444
1241.8796
1241.6193
1255.1788
1248.3141
1251.6094
1252.8268
1259.3517
1266.823
1262.2808
1252.3644
1261.9735
1251.1265
1259.5549
1264.2102
1238.0009
1248.897
1252.389
1235.842
1251.0863
1248.0413
1242.934
1241.1499
1237.1876
1239.886
1232.7559
1247.7573
1243.731
1232.9681
1238.0366
1258.2672
1257.716
1251.1237
1263.0001
1259.766
1267.5421
1251.3693
1262.8667
1271.1826
1267.9341
1283.8102
1258.0712
1248.8597
1255.7959
1256.4242
1247.573
1244.3008
1226.0491
1230.3302
1223.4424
1222.4518
1200.1649
1212.7306
1221.8219
1228.4072
1245.976
1264.6729
1259.2844
1270.9545
1267.9929
1281.019
1288.4917
1286.4155
1282.7056
1284.1865
1270.0226
1277.677
1269.476
1252.277
1226.3735
1228.0465
1230.8395
1230.5433
1236.0359
1226.9435
1222.4432
1238.9883
1250.7452
1254.0065
1248.606
1237.714
1218.9105
1219.145
1234.399
1219.3538
1229.3823
1227.4468
1237.7239
1236.473
1232.2183
1231.8054
1214.6335
1215.6733
1242.243
1240.2739
1238.4603
1218.3572
1225.2657
1215.7737
1214.6309
1226.5
1248.528
1248.3733
1231.5665
1229.4487
1230.1598
1228.2699
1220.8971
1230.8232
1221.5854
1216.4977
1215.8422
1194.032
1195.7678
1224.7452
1221.7139
1216.2256
1214.183
1197.9177
1202.8125
1193.9669
1219.2765
1225.9467
1236.8387
1240.1857
1218.5746
1221.4943
1222.1488
1230.0161
1234.8497
1233.9995
1225.6586
1242.82
1230.9888
1247.0543
1244.5792
1244.195
1251.6453
1245.2557
1239.9392
1250.6055
1238.425
1245.9951
1248.9712
1238.109
1236.4313
1252.6666
1250.7119
1241.1846
1237.4825
1231.6094
1240.1234
1245.0815
1255.869
1238.6547
1220.3997
1218.1925
1214.385
1228.9106
1234.2184
1235.5875
1227.3873
1212.4656
1225.1205
1221.6627
1224.6946
1229.951
1222.6101
1228.257
1246.0057
1232.1576
1235.2513
1224.6443
1221.6985
1234.4147
1230.6647
1227.8176
1201.1812
1206.9882
1213.4331
1219.979
1231.7129
1232.7958
1227.5555
1227.1241
1211.209
1220.5925
1209.3604
1233.1702
1233.2854
1231.6058
1231.6313
1231.5988
1232.6035
1235.0997
1237.3926
1242.2314
1243.0574
1234.8296
1232.3408
1251.2385
1246.9458
1236.3809
1242.1382
1234.3649
1240.5013
1239.3069
1245.1354
1238.5394
1229.2484
1217.4059
1217.5525
1244.5132
1230.5903
1232.9299
1237.6561
1237.6587
1228.7638
1234.3436
1235.857
1235.7094
1252.7926
1244.4114
1243.3478
1240.2256
1225.0326
1232.3832
1238.5878
1255.6816
1248.7926
1237.8956
1226.3981
1236.8967
1224.3628
1212.484
1215.8748
1201.8416
1227.0449
1242.0592
1206.4692
1209.9738
1212.8119
1226.5231
1226.0323
1226.878
1234.3839
1244.7307
1234.6342
1242.2
1245.5731
1261.8706
1262.947
1241.9943
1226.6215
1244.2291
1231.923
1230.2168
1231.2106
1229.8864
1227.9617
1237.7275
1226.4564
1218.7731
1215.5769
1211.4626
1202.2653
1213.8657
1189.5878
1203.3824
1210.8616
1211.8931
1224.143
1218.5616
1216.4799
1214.6963
1212.4784
1206.5114
1216.2607
1229.9673
1217.5258
1227.3982
1219.1327
1215.9283
1220.4165
1227.0695
1224.8136
1224.0043
1224.0779
1219.0128
1215.3436
1216.5217
1220.5848
1216.3823
1216.9525
1224.2277
1220.0411
1204.8748
1217.1605
1218.9376
1221.3243
1222.2709
1214.5833
1228.5875
1223.3118
1228.6344
1213.8787
1220.5929
1219.7861
1216.7098
1213.8998
1208.3793
1219.9487
1220.5731
1213.807
1219.6093
1232.0077
1226.7865
1235.5693
1231.3265
1234.6936
1216.9554
1214.9729
1222.9064
1231.6193
1225.2499
1238.2461
1227.7207
1220.5348
1211.5142
1203.4071
1197.6194
1211.3994
1225.9724
1232.3198
1231.5272
1226.8605
1213.7668
1224.9945
1224.7583
1217.5746
1237.301
1232.2344
1223.3402
1225.2906
1208.057
1212.343
1235.1895
1205.0011
1208.8381
1215.415
1219.2251
1220.903
1236.8385
1232.4255
1233.7317
1231.8547
1224.1571
1235.3297
1238.9519
1248.9415
1241.9528
1241.3271
1250.3193
1238.8553
1238.2517
1224.0558
1236.0927
1243.7534
1219.6387
1234.8129
1227.2292
1216.3583
1214.3986
1196.6466
1203.4944
1223.3511
1219.7592
1222.9185
1217.2054
1222.1553
1228.0604
1228.5358
1224.524
1230.0957
1224.9199
1227.8654
1245.1277
1233.731
1228.4332
1213.3683
1211.6915
1219.2262
1219.8016
1196.6477
1217.3103
-------Best per generation--------
1345.1135
1327.1058
1327.1058
1327.1058
1275.5054
1275.5054
1275.5054
1275.5054
1275.5054
1275.5054
1275.5054
1275.5054
1275.5054
1206.914
1206.914
1206.914
1206.914
1206.914
1206.914
1206.914
1172.4681
1172.4681
1172.4681
1172.4681
1172.4681
1172.4681
1172.4681
1172.4681
1172.4681
1171.7188
1171.7188
1147.4504
1135.3109
1135.3109
1135.3109
1135.3109
1135.3109
1135.3109
1135.3109
1135.3109
1135.3109
1135.3109
1135.3109
1135.3109
1135.3109
1135.3109
1135.3109
1135.3109
1135.3109
1078.3643
1078.3643
1078.3643
1078.3643
1078.3643
1078.3643
1078.3643
1078.3643
1078.3643
1078.3643
1078.3643
1078.3643
1078.3643
1078.3643
1078.3643
1078.3643
1078.3643
1078.3643
1078.3643
1078.3643
1078.3643
1078.3643
1078.3643
1078.3643
1078.3643
1078.3643
1078.3643
1078.3643
1078.3643
1063.8774
1029.5226
1029.5226
1029.5226
1029.5226
1029.5226
1029.5226
1029.5226
1029.5226
1029.5226
1029.5226
1029.5226
1029.5226
1029.5226
1029.5226
1029.5226
1029.5226
1029.5226
1029.5226
1029.5226
1029.5226
1029.5226
1029.5226
1029.5226
1029.5226
1029.5226
1029.5226
1029.5226
1029.5226
1029.5226
1029.5226
1029.5226
1029.5226
1029.5226
1029.5226
1029.5226
1029.5226
1029.5226
1029.5226
1029.5226
1024.3732
1019.298
1019.298
1006.55524
1006.55524
969.4832
969.4832
969.4832
969.4832
969.4832
969.4832
969.4832
969.4832
969.4832
969.4832
969.4832
969.4832
969.4832
969.4832
969.4832
969.4832
969.4832
969.4832
969.4832
916.6604
916.6604
916.6604
916.6604
916.6604
916.6604
916.6604
916.6604
916.6604
916.6604
916.6604
916.6604
916.6604
916.6604
916.6604
916.6604
916.6604
916.6604
916.6604
916.6604
916.6604
916.6604
916.6604
916.6604
916.6604
916.6604
916.6604
916.6604
880.0927
880.0927
880.0927
880.0927
880.0927
880.0927
880.0927
880.0927
880.0927
880.0927
870.2941
870.2941
870.2941
870.2941
870.2941
870.2941
870.2941
870.2941
870.2941
870.2941
870.2941
870.2941
866.35144
853.0626
853.0626
851.55774
851.55774
851.55774
851.55774
851.55774
851.55774
851.55774
851.55774
851.55774
843.81445
843.81445
843.81445
825.60187
825.60187
825.60187
825.60187
825.60187
825.60187
825.60187
825.60187
825.60187
825.60187
825.60187
825.60187
822.5761
816.04047
816.04047
811.3796
808.4467
808.4467
805.2353
791.6181
791.6181
791.6181
791.6181
791.6181
777.7846
777.7846
777.7846
777.7846
777.7846
772.8106
768.2811
761.4813
740.84906
740.84906
740.84906
740.84906
740.84906
740.84906
740.84906
740.84906
740.84906
740.7239
740.7239
734.3763
734.3763
734.3763
734.3763
730.54144
730.54144
730.54144
730.54144
730.54144
730.54144
730.54144
730.54144
723.1814
721.33844
721.33844
721.33844
721.33844
721.33844
721.1012
721.1012
721.1012
721.1012
721.1012
721.1012
721.1012
721.1012
720.4769
720.4769
720.2322
720.2322
720.2322
713.10626
710.0753
696.78467
696.78467
696.78467
696.78467
696.78467
696.78467
696.78467
696.78467
696.78467
696.78467
696.78467
696.78467
696.78467
694.07275
694.07275
686.9468
686.9468
686.9468
686.9468
686.9468
686.9468
683.83984
683.83984
683.08136
683.08136
660.9109
660.9109
660.9109
660.9109
660.9109
660.9109
660.9109
660.9109
660.9109
660.9109
660.9109
660.9109
660.9109
658.199
658.199
658.199
658.199
658.199
655.29926
655.29926
655.29926
655.29926
655.29926
655.29926
655.29926
655.29926
655.29926
655.29926
655.29926
652.5874
652.06445
652.06445
649.30035
649.30035
649.30035
649.30035
649.30035
649.30035
649.30035
643.6888
643.6888
640.97687
640.97687
640.97687
640.97687
640.97687
640.97687
640.97687
640.97687
640.97687
640.97687
627.981
627.981
627.981
627.981
627.981
627.981
627.981
627.981
627.981
627.981
627.981
627.981
627.981
627.981
627.981
627.981
627.981
627.981
627.981
627.981
627.981
627.981
627.981
627.981
620.637
620.637
620.637
617.5189
617.5189
617.5189
617.5189
617.5189
617.5189
617.5189
617.5189
617.5189
617.5189
617.5189
617.5189
617.5189
617.5189
617.5189
617.5189
617.5189
617.5189
617.5189
616.3265
616.3265
616.3265
616.3265
616.3265
616.3265
613.12726
607.8979
607.8979
607.8979
607.8979
603.7317
603.7317
603.7317
603.7317
603.7317
603.7317
603.7317
603.7317
603.7317
603.7317
603.7317
598.4212
596.2614
596.2614
596.2614
596.2614
594.0295
594.0295
594.0295
594.0295
594.0295
591.21216
591.21216
591.21216
591.21216
591.21216
591.21216
591.21216
591.21216
591.21216
591.21216
591.21216
586.82043
586.82043
586.82043
586.82043
586.82043
586.82043
586.82043
586.82043
586.82043
586.82043
586.82043
586.82043
586.82043
586.82043
586.4423
586.4423
577.72516
577.72516
577.72516
577.72516
577.72516
577.72516
577.72516
577.72516
576.9864
576.9864
576.9864
576.9864
576.9864
576.9864
576.9864
572.95526
572.95526
572.95526
572.95526
572.95526
572.95526
572.724
572.724
572.724
572.724
572.724
571.4336
571.4336
571.4336
571.4336
571.4336
571.4336
571.4336
571.4336
571.4336
565.34515
565.34515
565.34515
565.34515
565.34515
565.34515
565.34515
565.34515
565.34515
565.34515
563.5852
563.5852
563.5852
563.5852
563.5852
563.5852
563.5852
563.5852
563.5852
560.09863
560.09863
560.09863
560.09863
560.09863
560.09863
560.09863
557.72516
557.72516
557.72516
557.72516
557.72516
557.72516
557.72516
552.6669
552.6669
552.6669
552.6669
552.6669
552.6669
552.6669
552.6669
552.6669
552.6669
552.6669
552.6669
546.8068
546.8068
546.8068
546.8068
546.8068
546.8068
546.8068
546.8068
546.8068
546.8068
546.8068
541.7887
541.7887
541.7887
541.7887
541.7887
541.7887
541.7887
541.7887
541.7887
541.7887
541.7887
541.7887
541.7887
541.7887
541.7887
541.7887
541.7887
541.7887
541.7887
541.7887
541.7887
541.7887
541.7887
541.7887
541.7887
541.7887
541.7887
541.7887
541.7887
541.7887
541.7887
541.7887
535.9248
535.9248
535.9248
535.9248
535.9248
535.9248
535.9248
535.9248
535.9248
535.9248
535.9248
535.9248
535.9248
535.9248
535.9248
535.9248
535.9248
535.9248
535.9248
535.9248
535.9248
535.9248
535.9248
535.9248
535.9248
535.9248
535.9248
535.9248
535.9248
535.9248
535.9248
535.9248
535.9248
535.9248
533.9475
533.9475
533.9475
533.9475
533.9475
533.9475
531.69116
531.69116
531.69116
531.69116
531.69116
531.69116
531.69116
531.69116
531.69116
531.69116
531.69116
531.69116
531.69116
531.69116
531.69116
531.69116
531.69116
531.69116
531.69116
531.69116
531.69116
531.69116
531.69116
531.69116
531.69116
531.69116
531.69116
531.69116
531.69116
531.69116
531.69116
531.69116
531.69116
531.69116
531.69116
531.69116
531.69116
531.69116
531.69116
531.69116
531.69116
531.69116
531.69116
531.69116
531.69116
531.69116
531.69116
526.69
526.69
526.69
526.69
526.69
526.69
526.69
526.69
526.69
526.69
526.69
526.69
526.69
526.69
526.69
526.69
526.69
526.69
526.69
526.69
526.69
526.69
526.69
526.69
526.69
525.0408
525.0408
525.0408
525.0408
525.0408
522.0441
522.0441
522.0441
522.0441
522.0441
522.0441
522.0441
522.0441
522.0441
522.0441
522.0441
522.0441
522.0441
522.0441
522.0441
522.0441
522.0441
522.0441
522.0441
522.0441
517.6884
517.6884
517.6884
517.6884
517.6884
517.6884
517.6884
517.6884
517.6884
517.6884
517.6884
517.6884
517.6884
517.6884
517.6884
517.6884
517.6884
517.6884
517.6884
517.6884
517.6884
517.6884
517.6884
517.6884
517.6884
517.6884
517.6884
517.6884
517.6884
517.6884
513.7152
513.7152
513.7152
513.7152
513.7152
513.7152
513.7152
513.7152
513.7152
513.7152
513.7152
513.7152
513.7152
513.7152
513.7152
513.7152
513.7152
513.7152
513.7152
513.7152
513.7152
508.86255
508.86255
504.88937
504.88937
504.88937
504.88937
504.88937
504.88937
504.88937
504.88937
504.88937
504.88937
504.88937
504.88937
504.88937
504.88937
504.88937
504.88937
504.88937
504.88937
504.88937
504.88937
504.88937
504.88937
504.88937
504.88937
504.88937
504.88937
504.88937
504.88937
497.5592
497.5592
497.5592
497.5592
497.5592
497.5592
497.5592
497.5592
497.5592
497.5592
497.5592
497.5592
497.5592
497.5592
497.5592
497.5592
497.5592
497.5592
497.5592
497.5592
497.5592
497.5592
497.5592
497.5592
497.5592
497.5592
497.5592
497.5592
497.5592
497.5592
497.5592
497.5592
497.5592
497.5592
497.5592
497.5592
497.5592
497.5592
497.5592
497.5592
497.5592
497.5592
497.5592
497.5592
497.5592
497.5592
497.5592
497.5592
497.5592
497.5592
497.5592
497.5592
497.5592
497.5592
497.5592
497.5592
497.5592
497.5592
497.5592
497.5592
497.5592
497.5592
497.5592
497.5592
497.5592
497.5592
497.5592
497.5592
497.5592
497.5592
497.5592
497.5592
497.5592
497.5592
497.5592
497.5592
497.5592
497.5592
497.5592
497.5592
497.5592
497.5592
497.5592
497.5592
497.5592
497.5592
497.5592
497.5592
497.5592
497.5592
497.5592
497.5592
497.5592
497.5592
497.5592
497.5592
497.5592
497.5592
497.5592
497.5592
497.5592
497.5592
497.5592
497.5592
497.5592
497.5592
497.5592
497.5592
497.5592
497.5592
497.5592
497.5592
497.5592
497.5592
497.5592
497.5592
497.5592
497.5592
497.5592
497.5592
497.5592
497.5592
497.5592
497.5592
497.5592
497.5592
497.5592
497.5592
497.5592
497.5592
497.5592
497.5592
497.5592
497.5592
497.5592
497.5592
497.5592
497.5592
497.5592
497.5592
497.5592
497.5592
497.5592
497.5592
497.5592
497.5592
497.5592
497.5592
497.5592
497.5592
497.5592
497.5592
497.5592
497.5592
497.5592
497.5592
497.5592
497.5592
497.5592
497.5592
497.5592
497.5592
497.5592
497.5592
497.5592
497.5592
497.5592
497.5592
497.5592
497.5592
497.5592
497.5592
497.5592
497.5592
497.5592
497.5592
497.5592
497.5592
497.5592
497.5592
497.5592
497.5592
497.5592
497.5592
497.5592
497.5592
497.5592
497.5592
497.5592
497.5592
497.5592
497.5592
497.5592
497.5592
497.5592
EOF
