File: test2.txt
------------Properties------------
Number of cities: 51
Number of chromosomes: 1000
Number of generations: 1000
Tournament candidates: 3
Crossover type: UOX with bitmask
Crossover rate: 100%
Mutation type: Inversion
Mutation rate: 10%
--------------Results-------------
Average distance of first generation: 1619.982
Average distance of last generation: 1221.9918
Best distance of first generation: 1331.1835
Best distance of last generation: 553.8505
------Average per generation------
1619.982
1586.2021
1567.7501
1556.4409
1548.3049
1541.4852
1535.5779
1526.7559
1521.3264
1518.5061
1517.2576
1506.8766
1504.7085
1503.2173
1497.2151
1495.5522
1494.7113
1488.5372
1485.8179
1487.4237
1487.7096
1490.1592
1484.8793
1481.7122
1478.0637
1477.6779
1473.2537
1473.292
1470.0001
1475.411
1474.6697
1470.3345
1471.5052
1471.7712
1470.7144
1464.358
1465.2085
1459.0919
1467.0514
1465.7125
1466.4495
1467.2648
1458.7865
1456.2916
1455.5449
1455.5074
1450.1564
1445.5597
1450.2701
1445.7933
1445.0364
1447.0449
1448.8169
1451.4839
1450.5706
1451.2081
1447.9113
1447.645
1442.9221
1448.6136
1440.8519
1440.8987
1440.488
1435.4739
1433.4236
1434.9333
1439.8933
1438.108
1443.5721
1434.701
1435.7074
1431.2511
1430.6987
1434.6729
1432.6462
1434.9774
1433.8499
1431.4604
1436.8832
1433.9626
1427.9285
1431.3254
1425.4866
1417.1063
1411.0554
1413.5803
1413.3799
1412.2744
1412.4268
1406.87
1413.7317
1407.2949
1412.1404
1403.4172
1397.7
1394.3906
1405.9143
1405.4224
1403.5425
1404.003
1399.0223
1395.5027
1393.9137
1390.014
1395.1664
1396.6505
1396.1091
1391.8934
1386.644
1389.8358
1393.958
1394.8992
1398.0188
1390.2344
1389.608
1391.6681
1390.19
1393.4365
1384.8557
1378.3143
1370.9496
1379.4862
1378.7401
1377.6713
1382.7916
1373.282
1377.2732
1381.8324
1388.4329
1391.1348
1390.3523
1396.6337
1383.6562
1383.5745
1371.5653
1373.5798
1379.367
1372.9467
1373.2577
1372.6326
1371.9237
1376.8285
1367.0518
1365.4987
1372.7374
1364.882
1365.062
1369.6678
1368.5908
1360.344
1365.9086
1366.9861
1375.3884
1370.3035
1367.8934
1361.9056
1367.088
1360.8905
1353.678
1343.1709
1341.5422
1351.8997
1353.518
1361.0402
1362.9882
1366.708
1358.6948
1356.5433
1351.7411
1356.4674
1353.8503
1350.86
1345.3114
1347.712
1342.3433
1350.2966
1354.3876
1342.8385
1349.4164
1345.1464
1350.3658
1341.9559
1345.3202
1343.7839
1335.135
1335.2804
1337.9371
1346.506
1353.2765
1351.5388
1357.4884
1356.8687
1356.1997
1339.6984
1328.7354
1341.7935
1339.856
1320.9221
1325.6205
1329.2234
1339.0789
1340.1326
1343.0155
1338.5293
1334.3486
1331.2678
1331.8026
1334.2108
1327.0825
1320.8473
1323.115
1328.874
1338.3981
1340.5801
1330.9562
1330.4414
1325.8953
1334.3347
1337.7312
1330.2533
1320.1166
1324.1897
1319.4647
1324.5127
1325.5175
1314.8188
1314.8739
1320.8157
1317.8444
1314.2672
1318.7521
1325.5242
1309.9255
1304.07
1316.1758
1328.7095
1317.4135
1316.4824
1314.2605
1314.7134
1310.4413
1324.371
1322.8197
1333.2539
1335.0491
1319.8148
1314.4196
1321.0995
1314.346
1301.6217
1299.9424
1312.6335
1309.2194
1300.134
1297.5477
1309.4944
1312.2916
1314.0488
1309.1166
1305.4642
1308.8177
1302.6304
1306.1046
1308.972
1312.0867
1315.977
1311.967
1312.832
1308.1031
1308.6555
1316.8837
1308.7203
1305.2668
1304.4965
1309.3564
1304.8988
1304.9857
1302.1808
1304.5408
1307.1528
1307.8999
1300.9132
1308.1489
1302.6333
1302.2251
1308.9574
1300.0532
1304.854
1304.1616
1304.3527
1304.5039
1299.6112
1301.7572
1310.6954
1313.1407
1307.4911
1306.8738
1307.3585
1299.3232
1306.3353
1303.8577
1305.9923
1304.1781
1305.5743
1302.1311
1295.8856
1295.6704
1306.5052
1303.5552
1288.3485
1293.2054
1291.0883
1288.642
1292.175
1282.9819
1283.6796
1276.5267
1282.5438
1286.0049
1285.4288
1266.4476
1270.2004
1271.1997
1284.751
1285.5675
1292.5239
1294.187
1291.575
1286.6609
1289.966
1296.8018
1282.8242
1285.324
1277.1127
1279.6807
1284.6129
1276.752
1269.9915
1290.285
1274.3533
1274.2413
1278.4028
1280.7919
1269.816
1270.6221
1278.5404
1275.0513
1280.8523
1283.802
1278.3297
1282.9321
1277.6833
1282.392
1276.8295
1284.0625
1276.0758
1279.0464
1274.4813
1271.2047
1268.4354
1258.0049
1257.8273
1268.5996
1261.582
1243.0808
1257.3064
1260.4353
1253.4684
1256.69
1256.7316
1258.9768
1258.6357
1257.4476
1247.273
1249.3485
1271.9078
1248.5302
1246.3326
1253.3105
1244.3717
1261.6934
1253.7876
1247.3137
1243.9706
1263.0624
1263.0548
1260.9954
1257.6146
1252.4694
1251.4264
1254.145
1256.1821
1253.1875
1251.6556
1239.7394
1243.7589
1256.7078
1249.1215
1253.2163
1248.5978
1242.4065
1244.7748
1236.5496
1243.3146
1249.2107
1250.1285
1255.0139
1239.5555
1238.1411
1227.0093
1238.489
1241.3632
1238.2092
1245.7354
1240.0892
1242.4305
1231.1287
1239.558
1258.8181
1243.3635
1243.3641
1240.3751
1235.5685
1235.3341
1231.3395
1236.4358
1226.72
1222.548
1218.1295
1223.2363
1235.7959
1221.6134
1229.7114
1234.4888
1236.3292
1229.2644
1234.1101
1237.8519
1240.233
1244.6545
1231.8687
1232.6943
1230.2982
1224.5996
1236.3522
1246.2555
1235.4681
1233.1804
1240.4711
1248.1595
1249.805
1229.7051
1230.4672
1231.9271
1237.4443
1246.297
1240.1023
1234.461
1236.0259
1241.4031
1234.1581
1244.0054
1247.338
1239.2042
1233.8855
1238.1443
1228.4655
1225.358
1218.5302
1246.1023
1241.7975
1232.0405
1229.7617
1227.1897
1237.4163
1243.2675
1235.8406
1239.9026
1240.5646
1234.7084
1221.1094
1217.985
1235.5425
1224.3455
1222.9634
1229.9594
1235.1051
1237.9731
1227.962
1226.6759
1231.933
1232.1951
1233.4191
1227.2863
1226.898
1242.7802
1247.9434
1248.6047
1239.8318
1236.1646
1234.0562
1236.3136
1241.3652
1234.1376
1240.3022
1240.6332
1236.8478
1240.8346
1249.6189
1244.9984
1236.276
1227.6586
1236.8665
1251.3605
1235.631
1223.198
1228.6135
1229.9915
1221.9207
1224.1803
1234.058
1233.7227
1212.8223
1213.9257
1222.332
1235.4712
1232.3767
1235.7533
1215.4381
1218.0459
1206.6458
1207.4658
1201.1652
1204.6625
1204.2167
1196.8153
1213.7662
1219.9314
1231.0156
1242.8717
1234.1951
1220.0453
1227.8369
1224.7532
1217.8678
1225.0894
1218.7866
1224.8141
1231.0165
1223.3154
1230.348
1225.4235
1214.0396
1213.5616
1212.8025
1219.2098
1212.5017
1232.5968
1219.6621
1215.8525
1231.7529
1227.0902
1223.7705
1231.2117
1227.3229
1234.4379
1224.4677
1220.4067
1225.5461
1232.7053
1238.1006
1227.8176
1216.4642
1219.8462
1218.4015
1219.9615
1208.7959
1218.1923
1210.2385
1209.9631
1214.5631
1210.4424
1205.7072
1205.1285
1214.907
1220.9507
1208.2312
1203.2715
1212.4231
1216.9951
1213.8961
1218.6913
1226.8875
1224.6974
1216.7725
1212.9781
1222.8391
1225.6455
1226.785
1223.058
1218.518
1210.1187
1220.5011
1231.6957
1220.4843
1212.2657
1208.8137
1204.4182
1202.0719
1202.5627
1204.5985
1203.5135
1223.1512
1220.0441
1225.0927
1217.482
1213.7151
1210.8329
1224.7565
1225.0114
1217.4242
1205.3832
1195.103
1205.9115
1207.6644
1204.3987
1227.2919
1223.9918
1243.1881
1227.388
1217.051
1215.0911
1213.4288
1210.1776
1209.3975
1203.4977
1208.7694
1209.3075
1218.2527
1205.4994
1211.0448
1206.0402
1209.8683
1205.4327
1213.3921
1194.9392
1218.5592
1194.9358
1195.5004
1217.1375
1215.2562
1211.3636
1206.5907
1209.4481
1221.2163
1223.7378
1222.0657
1232.4679
1228.1421
1229.861
1221.161
1212.8937
1216.1494
1221.9348
1218.4589
1200.5809
1199.8787
1205.0548
1206.9774
1202.724
1204.8782
1215.8484
1202.3582
1210.268
1206.5013
1208.5258
1206.1077
1210.3605
1222.2161
1222.4768
1218.406
1226.8466
1223.5925
1196.5271
1207.9575
1223.0171
1217.7766
1222.0901
1221.2987
1228.9182
1218.1304
1219.1351
1211.9982
1220.2039
1212.2937
1206.6423
1209.6132
1217.0354
1210.4146
1218.6854
1220.3975
1212.478
1207.8702
1222.2745
1204.0671
1212.721
1215.2037
1204.4834
1208.445
1215.1233
1218.0416
1212.7649
1217.0402
1211.4045
1218.5458
1206.7341
1215.3452
1227.5732
1220.9797
1216.0721
1215.481
1212.2338
1206.3082
1213.9076
1214.4918
1210.3569
1203.3387
1199.2837
1192.1835
1206.5022
1203.0767
1215.7856
1225.9965
1216.573
1223.6923
1208.6251
1212.3478
1200.2335
1197.6487
1197.7249
1212.7134
1220.3784
1224.843
1215.5731
1218.3862
1207.0574
1206.5475
1212.7151
1206.4834
1213.3152
1210.6855
1203.1428
1204.2903
1199.9517
1210.8403
1184.1198
1183.2548
1201.2418
1206.0085
1208.75
1199.9636
1194.6426
1193.9728
1208.6353
1219.5657
1213.1123
1201.623
1213.2145
1212.2559
1215.1891
1200.7922
1200.2625
1201.5157
1214.3695
1216.5055
1208.3518
1194.2737
1209.7489
1223.8008
1216.2781
1218.2214
1224.507
1218.1062
1223.6047
1223.2129
1226.2029
1208.892
1216.9296
1225.2501
1216.027
1217.7603
1224.4965
1223.3835
1227.8069
1220.76
1227.6617
1206.2112
1198.3501
1189.5406
1193.5768
1192.4834
1197.1028
1210.8937
1211.4457
1217.4318
1209.3632
1207.0303
1208.0818
1223.3906
1220.1761
1215.9331
1229.7007
1218.1029
1206.522
1217.9845
1203.884
1214.3677
1209.6233
1221.7449
1210.7166
1208.5048
1210.157
1203.9418
1201.9807
1191.6747
1206.1685
1195.0674
1204.6698
1209.1292
1202.9514
1217.1022
1203.9961
1209.8032
1195.8456
1220.1946
1215.8567
1200.7334
1204.3944
1222.5361
1219.7881
1214.4912
1221.0254
1219.5588
1214.7115
1220.5984
1213.9109
1210.6669
1216.466
1218.4539
1205.8019
1189.7762
1193.9886
1204.2246
1219.7744
1215.8202
1212.0605
1219.1857
1227.5154
1216.3346
1202.9907
1195.8174
1192.1862
1182.7494
1201.0309
1206.2349
1199.2064
1204.7015
1198.1461
1204.7198
1216.6776
1211.0865
1202.1464
1203.1497
1205.8745
1197.6658
1193.131
1209.1787
1230.3403
1216.2439
1200.9296
1212.691
1215.0513
1205.5176
1207.4962
1198.089
1204.4901
1209.7164
1205.9153
1202.4867
1206.0577
1212.51
1214.7823
1211.2194
1205.2944
1209.4199
1208.4883
1199.8812
1200.9861
1198.1494
1208.44
1199.1514
1199.386
1205.7551
1204.3174
1196.844
1215.3446
1216.4639
1200.9592
1198.2664
1187.0021
1205.0621
1208.5372
1203.5314
1203.658
1204.1539
1192.355
1206.6877
1213.0336
1221.5396
1230.38
1215.1555
1223.8572
1202.5936
1198.9102
1208.0237
1206.5653
1215.7644
1224.7151
1221.6516
1197.5824
1205.7876
1200.2034
1200.9327
1204.2357
1203.2412
1208.8064
1215.2618
1226.5105
1229.5496
1218.3082
1216.691
1208.3188
1212.9226
1208.9912
1220.5007
1220.401
1212.4645
1200.0818
1189.5387
1187.8293
1212.4491
1202.4564
1204.7582
1198.9001
1202.7772
1200.937
1187.0417
1186.3796
1175.6952
1192.6775
1194.3947
1206.3644
1204.774
1198.0752
1204.0077
1199.4938
1199.7344
1199.3718
1204.6145
1206.9937
1202.2438
1203.0217
1214.5618
1223.3254
1210.1204
1199.4043
1203.2168
1206.6924
1197.5593
1196.0667
1198.8499
1192.1517
1189.815
1192.2792
1194.5411
1193.7614
1203.9731
1195.6051
1201.635
1201.9585
1212.9044
1210.1632
1214.2489
1211.6206
1204.2478
1200.4679
1199.587
1209.0869
1217.4417
1221.9918
-------Best per generation--------
1331.1835
1311.2205
1308.3646
1308.3646
1308.3646
1308.3646
1308.3646
1279.9685
1279.9685
1279.9685
1279.9685
1279.9685
1279.9685
1279.9685
1267.9706
1267.9706
1253.565
1253.565
1253.565
1253.565
1253.565
1239.4081
1239.4081
1239.4081
1237.3523
1237.3523
1228.3398
1228.3398
1228.3398
1228.3398
1228.3398
1228.3398
1228.3398
1228.3398
1228.3398
1207.5853
1207.5853
1196.5719
1196.5719
1196.5719
1196.5719
1196.5719
1196.5719
1195.1753
1163.6302
1163.6302
1163.6302
1163.6302
1163.6302
1163.6302
1163.6302
1163.6302
1163.6302
1163.6302
1163.6302
1149.6743
1149.6743
1149.6743
1149.6743
1149.6743
1149.6743
1149.6743
1147.6189
1147.6189
1147.6189
1127.7819
1127.7819
1127.7819
1127.7819
1127.7819
1127.7819
1115.1362
1105.6866
1078.4559
1078.4559
1078.4559
1078.4559
1078.4559
1078.4559
1078.4559
1078.4559
1078.4559
1078.4559
1078.4559
1075.1753
1068.4774
1068.4774
1057.3285
1057.3285
1057.3285
1057.3285
1057.3285
1057.3285
1057.3285
1057.3285
1057.3285
1057.3285
1057.3285
1057.3285
1057.3285
1034.5553
1034.5553
1034.5553
1029.9457
1029.9457
1029.9457
1029.9457
1028.398
1028.398
1028.398
1028.398
1023.21826
1017.0294
1017.0294
1017.0294
1017.0294
1017.0294
1017.0294
1017.0294
1013.33234
995.1837
995.1837
990.2785
990.2785
990.2785
988.62146
988.62146
988.62146
988.62146
988.62146
988.62146
988.62146
988.62146
986.40106
986.40106
986.40106
986.40106
964.3264
964.3264
964.3264
964.3264
964.3264
964.3264
964.3264
964.3264
964.3264
964.3264
964.3264
964.3264
964.3264
964.3264
941.66364
941.66364
938.0204
938.0204
938.0204
938.0204
938.0204
938.0204
927.45905
927.45905
927.45905
927.45905
927.45905
927.45905
927.45905
927.45905
927.45905
927.45905
927.45905
906.5529
906.5529
906.5529
906.5529
906.3908
906.3908
906.3908
906.3908
906.3908
906.3908
906.3908
906.3908
906.3908
906.3908
898.5895
898.5895
894.8751
894.8751
884.3901
884.3901
884.3901
884.3901
884.3901
884.3901
884.3901
884.3901
884.3901
884.3901
879.50055
879.50055
879.50055
879.50055
879.50055
879.50055
879.50055
879.50055
879.50055
879.50055
879.50055
875.8727
862.5016
862.5016
862.5016
862.5016
862.5016
862.5016
862.5016
862.5016
862.5016
862.5016
862.5016
862.5016
857.1487
857.1487
857.1487
857.1487
851.00024
851.00024
851.00024
851.00024
851.00024
851.00024
851.00024
851.00024
851.00024
851.00024
851.00024
851.00024
851.00024
851.00024
851.00024
851.00024
848.7895
848.7895
848.7895
848.7895
848.7895
848.7895
848.7895
848.7895
848.7895
848.7895
841.9356
837.5819
837.5819
837.5819
837.5819
837.5819
837.5819
837.5819
837.5819
837.5819
828.61487
828.61487
828.61487
828.61487
809.7705
809.7705
809.7705
809.7705
809.7705
809.7705
809.7705
809.7705
809.7705
809.7705
809.7705
809.7705
809.7705
803.3294
803.3294
802.9734
802.9734
802.9734
802.9734
783.46936
783.46936
783.46936
783.46936
783.46936
783.46936
783.46936
783.46936
783.46936
783.46936
783.46936
783.46936
783.46936
783.46936
783.46936
783.46936
783.46936
783.46936
783.46936
783.46936
769.1169
769.1169
769.1169
769.1169
769.1169
769.1169
769.1169
769.1169
769.1169
769.1169
769.1169
769.1169
767.37616
767.37616
767.37616
767.37616
767.37616
751.19244
736.9591
736.9591
736.9591
736.9591
736.9591
736.9591
736.9591
736.9591
736.9591
736.9591
736.9591
736.9591
734.60046
734.60046
734.60046
733.58844
723.09644
723.09644
723.09644
723.09644
723.09644
723.09644
723.09644
723.09644
723.09644
718.1747
718.1747
718.1747
718.1747
718.1747
718.1747
695.8931
695.8931
695.8931
695.8931
695.8931
695.8931
695.8931
695.8931
695.8931
695.8931
695.8931
695.8931
695.8931
695.8931
695.8931
695.8931
695.8931
695.8931
689.36896
689.36896
689.36896
689.36896
689.36896
682.24585
682.24585
682.24585
682.24585
682.24585
682.24585
682.24585
666.12616
666.12616
666.12616
666.12616
666.12616
666.12616
666.12616
666.12616
666.12616
666.12616
666.12616
666.12616
666.12616
666.12616
666.12616
666.12616
663.7789
663.7789
663.7789
654.7981
654.7981
654.7981
654.7981
654.7981
654.7981
654.7981
654.7981
654.7981
654.7981
654.7981
654.7981
654.7981
654.7981
654.7981
654.40674
654.40674
654.40674
653.3519
653.3519
653.3519
653.3519
653.3519
650.6493
650.6493
650.6493
650.6493
650.6493
650.13116
650.13116
650.13116
650.13116
650.13116
650.13116
650.13116
650.13116
650.13116
650.13116
650.13116
650.13116
650.13116
648.3496
648.3496
640.89276
640.89276
640.89276
640.89276
640.89276
640.89276
640.89276
640.89276
640.89276
640.89276
634.90594
634.90594
634.90594
634.90594
634.90594
634.90594
634.90594
632.64014
632.64014
632.64014
632.64014
632.64014
632.64014
632.64014
632.64014
632.64014
632.64014
632.64014
630.2391
630.2391
630.2391
630.2391
630.2391
630.2391
630.2391
630.2391
630.2391
630.2391
630.2391
630.2391
630.2391
630.2391
626.3148
626.3148
626.3148
626.3148
626.3148
626.3148
626.3148
626.3148
626.3148
620.6478
618.49005
618.49005
618.49005
618.49005
618.49005
618.49005
618.49005
618.49005
618.49005
618.49005
618.49005
618.49005
618.49005
618.49005
618.49005
618.49005
608.8988
608.8988
608.8988
608.8988
608.8988
608.8988
608.8988
608.8988
608.8988
608.8988
608.8988
608.8988
608.8988
608.8988
608.8988
599.47064
599.47064
599.47064
599.47064
599.47064
599.47064
599.47064
599.47064
599.47064
599.47064
599.47064
599.47064
599.47064
599.47064
599.47064
596.4514
596.4514
596.4514
596.4514
596.4514
596.4514
596.4514
596.4514
596.4514
596.4514
596.4514
596.4514
596.4514
596.4514
596.4514
593.08075
593.08075
593.08075
593.08075
586.1542
586.1542
586.1542
586.1542
586.1542
586.1542
586.1542
586.1542
586.1542
586.1542
586.1542
586.1542
586.1542
586.1542
586.1542
586.1542
586.1542
586.1542
586.1542
586.1542
586.1542
586.1542
586.1542
586.1542
586.1542
586.1542
586.1542
586.1542
586.1542
586.1542
586.1542
586.1542
585.8224
585.8224
585.8224
585.8224
585.8224
585.8224
585.8224
585.8224
585.8224
583.80695
583.80695
583.80695
583.80695
583.80695
583.80695
583.80695
583.80695
583.80695
583.80695
583.80695
583.80695
583.80695
583.80695
583.57086
583.57086
583.57086
583.57086
583.57086
583.57086
583.57086
583.57086
583.57086
583.57086
583.57086
583.57086
583.57086
583.57086
583.57086
583.57086
583.57086
583.57086
583.57086
583.57086
583.57086
583.57086
583.57086
581.10236
581.10236
581.10236
581.10236
581.10236
581.10236
581.10236
581.10236
581.10236
581.10236
581.10236
579.43616
579.43616
579.43616
579.43616
579.43616
579.43616
579.43616
579.43616
579.43616
579.43616
579.43616
579.43616
579.43616
579.43616
579.43616
579.43616
579.43616
579.43616
579.43616
579.3042
579.3042
579.3042
579.3042
579.3042
579.1073
579.1073
579.1073
576.0655
576.0655
576.0655
576.0655
576.0655
576.0655
576.0655
576.0655
576.0655
576.0655
576.0655
576.0655
576.0655
576.0655
576.0655
576.0655
576.0655
576.0655
576.0655
576.0655
576.0655
576.0655
576.0655
576.0655
574.26733
574.26733
574.26733
574.26733
574.26733
574.26733
574.26733
574.26733
574.26733
574.26733
574.26733
574.26733
574.26733
574.26733
574.26733
574.26733
574.26733
574.26733
574.26733
574.26733
567.20056
567.20056
567.20056
567.20056
567.20056
567.20056
567.20056
567.20056
567.20056
567.20056
567.20056
567.20056
567.20056
567.20056
567.20056
567.20056
567.20056
567.20056
567.20056
567.20056
567.20056
567.20056
567.20056
567.20056
567.20056
567.20056
567.20056
567.20056
567.20056
567.20056
567.20056
567.20056
567.20056
567.20056
567.20056
567.20056
567.20056
567.20056
567.20056
567.20056
567.20056
567.20056
567.20056
567.20056
567.20056
567.20056
567.20056
567.20056
567.20056
567.20056
567.20056
567.20056
567.20056
567.20056
567.20056
567.20056
567.20056
567.20056
567.20056
567.20056
567.20056
567.20056
567.20056
567.20056
567.20056
563.2647
563.2647
563.2647
563.2647
563.2647
563.2647
563.2647
563.2647
563.2647
563.2647
563.2647
563.2647
563.2647
563.2647
563.2647
563.2647
563.2647
563.2647
563.2647
563.2647
563.2647
563.2647
563.2647
563.2647
563.2647
563.2647
563.2647
563.2647
563.2647
563.2647
563.2647
563.2647
563.2647
563.2647
563.2647
563.2647
563.2647
563.2647
563.2647
563.2647
563.2647
563.2647
563.2647
563.2647
563.2647
563.2647
563.2647
563.2647
563.2647
563.2647
563.2647
563.2647
563.2647
561.5239
561.5239
561.5239
561.5239
561.5239
561.5239
561.5239
561.5239
561.5239
561.5239
561.5239
561.5239
561.5239
561.5239
561.5239
561.5239
561.5239
561.5239
561.5239
561.5239
561.5239
561.5239
561.5239
561.5239
561.5239
561.5239
561.5239
561.5239
561.5239
561.5239
561.5239
561.5239
561.5239
561.5239
561.5239
561.5239
561.5239
561.5239
561.5239
561.5239
561.5239
561.5239
561.5239
561.5239
561.5239
561.5239
561.5239
561.5239
561.5239
561.5239
561.5239
561.5239
561.5239
561.5239
561.5239
561.5239
561.5239
561.5239
553.8505
553.8505
553.8505
553.8505
553.8505
553.8505
553.8505
553.8505
553.8505
553.8505
553.8505
553.8505
553.8505
553.8505
553.8505
553.8505
553.8505
553.8505
553.8505
553.8505
553.8505
553.8505
553.8505
553.8505
553.8505
553.8505
553.8505
553.8505
553.8505
553.8505
553.8505
553.8505
553.8505
553.8505
553.8505
553.8505
553.8505
553.8505
553.8505
553.8505
553.8505
553.8505
553.8505
553.8505
553.8505
553.8505
553.8505
553.8505
553.8505
553.8505
553.8505
553.8505
553.8505
553.8505
553.8505
553.8505
553.8505
553.8505
553.8505
553.8505
553.8505
553.8505
553.8505
553.8505
553.8505
553.8505
553.8505
553.8505
553.8505
553.8505
553.8505
553.8505
553.8505
553.8505
553.8505
553.8505
553.8505
553.8505
553.8505
553.8505
553.8505
553.8505
553.8505
553.8505
553.8505
553.8505
553.8505
553.8505
553.8505
553.8505
553.8505
553.8505
553.8505
553.8505
553.8505
553.8505
553.8505
553.8505
553.8505
553.8505
553.8505
EOF
