File: test2.txt
------------Properties------------
Number of cities: 51
Number of chromosomes: 1000
Number of generations: 1000
Tournament candidates: 3
Crossover type: PMX
Crossover rate: 90%
Mutation type: Swap
Mutation rate: 0%
--------------Results-------------
Average distance of first generation: 1621.5176
Average distance of last generation: 1285.4131
Best distance of first generation: 1383.5084
Best distance of last generation: 647.81934
------Average per generation------
1621.5176
1591.2452
1579.73
1570.1388
1560.1814
1556.0693
1554.6362
1548.8138
1546.8323
1547.2332
1542.004
1547.7345
1544.6206
1541.1294
1541.0309
1537.4619
1536.0981
1537.0839
1534.79
1538.6727
1531.7018
1530.7074
1529.5245
1529.6593
1522.9199
1524.119
1528.5071
1529.0083
1529.008
1523.2758
1518.8545
1521.6831
1520.4744
1519.9227
1519.8365
1514.037
1517.5728
1513.9192
1513.5917
1512.977
1512.7461
1508.813
1512.1223
1510.6492
1509.7413
1506.6578
1505.0524
1500.682
1498.6617
1497.581
1500.935
1497.8453
1499.56
1494.6013
1494.8416
1494.087
1488.8212
1492.2583
1495.8541
1499.4084
1495.6285
1494.4976
1489.8234
1490.2806
1484.1855
1480.6864
1482.3959
1485.8345
1481.7438
1479.6621
1485.9823
1484.2456
1480.1322
1476.214
1477.9535
1477.3342
1476.1715
1477.5516
1479.2051
1483.2697
1479.2858
1480.965
1476.4099
1481.2042
1480.8966
1485.1724
1480.7393
1477.8845
1478.3325
1472.8595
1475.2018
1468.3555
1471.4077
1468.0012
1463.5874
1466.6859
1468.6241
1472.2705
1468.1417
1471.9529
1469.8055
1468.73
1468.4908
1469.1189
1468.2002
1467.7856
1467.6143
1461.3357
1459.0985
1458.7905
1458.6554
1456.988
1460.9355
1451.3855
1457.846
1452.2643
1461.5919
1464.9082
1463.0458
1463.1283
1460.665
1458.6494
1456.6106
1451.6066
1452.6974
1455.6981
1452.2332
1451.0358
1446.5121
1447.117
1442.4478
1442.6927
1438.5596
1449.4086
1446.513
1444.3773
1450.5269
1457.6266
1449.9786
1457.8141
1457.4022
1450.415
1449.1251
1451.1859
1445.9707
1444.6669
1441.877
1444.181
1454.958
1448.2516
1447.7202
1442.7585
1440.9843
1442.0032
1448.8955
1449.4988
1439.784
1438.4191
1438.5717
1436.9092
1435.448
1434.295
1441.1544
1441.3888
1443.1914
1439.8495
1444.7377
1445.173
1441.3354
1437.5205
1429.2579
1427.7716
1430.252
1431.7949
1425.751
1423.4744
1424.5037
1420.3882
1428.3846
1427.2808
1428.5139
1428.7255
1422.0847
1422.4513
1419.5161
1423.8239
1417.631
1419.791
1421.9177
1423.984
1421.9957
1431.6019
1426.7357
1426.9528
1433.7856
1423.6833
1424.3687
1421.0349
1426.8667
1420.702
1421.1117
1417.0408
1424.6897
1417.9272
1415.8761
1413.2656
1414.7329
1416.7881
1421.5206
1416.4493
1418.0815
1428.1614
1420.9834
1414.635
1418.9518
1419.356
1416.3748
1413.5787
1412.9727
1415.8394
1408.8293
1409.739
1405.8424
1415.0759
1426.7285
1418.2896
1420.6177
1425.8317
1414.5656
1415.5643
1410.815
1406.6732
1407.1073
1397.7983
1414.7692
1416.613
1413.2902
1408.8735
1405.1362
1406.6127
1399.878
1394.0189
1403.7737
1402.9943
1404.6187
1396.8232
1398.3668
1407.8772
1411.3247
1418.1382
1414.184
1407.3318
1401.0492
1409.3788
1411.9343
1413.9526
1411.2004
1409.2595
1400.0607
1399.6626
1403.4086
1399.399
1406.8169
1396.6428
1399.8549
1400.2648
1405.2556
1409.521
1402.3562
1403.9299
1399.1278
1402.1732
1395.3495
1396.7554
1401.5101
1406.1989
1400.6344
1402.3187
1400.9346
1392.6631
1389.7223
1385.9493
1390.6166
1388.6322
1389.7742
1388.0537
1383.0089
1385.6752
1378.5361
1371.3796
1370.8949
1376.0184
1382.3348
1375.9526
1371.1544
1377.1825
1379.4473
1376.4248
1373.234
1370.912
1371.2489
1364.0365
1374.0621
1370.1115
1370.7463
1376.7902
1360.6035
1344.4734
1339.1917
1349.2097
1357.988
1370.9092
1353.7437
1364.7129
1370.2095
1364.6128
1365.0768
1376.6713
1370.9982
1371.1478
1365.5118
1372.8435
1371.6636
1355.6927
1356.9156
1344.6654
1351.0919
1353.0697
1343.8048
1341.5856
1355.899
1358.9055
1340.5732
1327.457
1339.7505
1339.5288
1340.527
1344.5792
1354.4465
1348.3593
1337.5792
1341.6877
1345.767
1348.8453
1353.7131
1349.694
1344.6001
1326.9324
1319.6749
1336.3179
1338.253
1339.2528
1341.5692
1345.0504
1335.0967
1340.2654
1337.985
1339.7515
1341.0612
1349.0269
1338.1245
1341.3975
1339.3492
1343.225
1354.0245
1334.7902
1334.4375
1334.9907
1331.9316
1341.8108
1340.8834
1343.9452
1348.9663
1337.3097
1328.5961
1331.8615
1340.0522
1321.9364
1317.0623
1325.7056
1331.2357
1311.4122
1311.6354
1317.7705
1341.9774
1339.3403
1321.9294
1328.2733
1328.6088
1331.1493
1324.1871
1324.7567
1329.3281
1326.2761
1325.4863
1328.4536
1334.431
1333.6716
1323.2921
1328.0076
1336.27
1326.176
1333.6499
1334.0944
1334.0295
1325.1063
1326.5986
1314.99
1318.5768
1318.2028
1327.2728
1320.7999
1316.4891
1307.0477
1318.4999
1328.7732
1318.1228
1308.254
1318.976
1317.6656
1314.9044
1326.9163
1322.3145
1311.8136
1314.3533
1322.2782
1317.8856
1329.6597
1325.6085
1316.2881
1324.2375
1340.1864
1329.0476
1328.1627
1320.7798
1313.529
1320.8577
1331.2961
1324.3198
1336.4542
1336.7625
1324.2488
1318.6874
1329.2155
1333.0232
1339.8202
1338.2698
1348.1658
1334.5153
1337.3062
1332.0393
1337.1409
1346.1313
1348.3643
1339.748
1346.1512
1351.1316
1341.5062
1330.6288
1326.9943
1325.5798
1329.1866
1333.0243
1337.6029
1341.1023
1342.6534
1326.8115
1332.4641
1325.5808
1327.7744
1316.2599
1323.7833
1328.3676
1332.8077
1343.37
1324.0098
1338.9425
1341.8989
1334.0082
1330.6495
1352.2719
1336.3849
1332.9661
1324.472
1321.291
1328.9198
1309.1267
1311.4592
1314.5034
1298.6257
1311.604
1308.5796
1310.1057
1313.7793
1321.4465
1320.1256
1316.7961
1307.8436
1307.2505
1311.865
1323.1923
1328.3353
1339.9425
1319.9714
1318.7616
1319.9022
1328.8064
1338.2816
1324.0707
1324.7882
1330.2937
1322.7554
1317.5995
1325.4617
1321.5488
1323.4738
1328.9971
1321.6669
1316.7374
1314.5498
1320.2401
1322.5953
1298.7617
1310.758
1328.5564
1326.1564
1327.4608
1343.5433
1339.6906
1331.4266
1339.7781
1333.6665
1330.6675
1315.8052
1317.7058
1316.3071
1307.5206
1300.7745
1316.1268
1326.3746
1330.1183
1323.452
1326.7308
1316.9932
1324.5441
1330.9779
1327.4515
1337.877
1335.9855
1323.3048
1325.8167
1303.7617
1308.9993
1316.1935
1313.3181
1318.7593
1310.5032
1315.5077
1310.9463
1310.8698
1317.8417
1307.7391
1299.2405
1302.4515
1296.402
1317.0398
1319.0562
1313.5557
1308.3212
1317.1864
1311.6893
1318.2488
1327.333
1316.552
1313.7513
1313.2875
1309.5236
1304.8931
1307.5707
1313.0173
1330.3201
1320.2628
1320.0569
1319.9894
1325.2345
1326.8195
1323.2837
1315.0746
1308.2412
1310.2863
1320.1412
1308.1375
1303.0762
1284.5781
1299.766
1299.151
1308.3434
1312.4108
1304.7607
1311.2689
1308.0953
1315.9677
1323.648
1320.326
1326.1866
1319.6151
1334.7572
1331.5647
1319.6256
1311.4247
1321.2998
1330.1096
1318.0944
1315.2607
1316.9629
1319.6194
1322.7671
1305.7389
1300.2856
1296.7191
1310.2141
1300.8884
1306.7594
1302.3282
1310.5511
1309.1553
1311.4913
1330.0802
1324.2811
1323.7993
1319.7285
1313.723
1308.1722
1310.7953
1299.1089
1292.3575
1290.5891
1294.813
1288.9827
1301.9867
1304.848
1308.3909
1306.259
1294.1365
1300.5906
1305.9774
1301.712
1308.2
1309.4578
1308.9207
1303.8595
1315.5328
1308.3823
1311.7571
1293.5043
1291.4971
1297.4109
1305.9786
1313.2053
1308.6112
1305.0834
1306.593
1309.304
1315.5386
1306.8103
1300.0051
1302.5492
1294.1084
1309.3353
1311.3989
1313.2186
1298.9397
1293.7906
1293.0527
1303.918
1296.9686
1300.8856
1304.1256
1315.1183
1312.9868
1325.2026
1314.7223
1315.4546
1317.513
1324.9458
1319.4722
1308.833
1306.9634
1295.1069
1295.2523
1304.1371
1286.3723
1285.8118
1304.6664
1298.9764
1320.8468
1315.533
1288.2911
1302.1735
1313.5239
1320.9957
1310.6093
1303.714
1315.6913
1301.244
1312.8143
1309.2709
1308.1942
1311.382
1312.6189
1315.9796
1323.0271
1311.799
1329.2467
1319.8267
1325.8503
1324.7576
1316.7086
1322.7418
1319.7825
1306.5629
1312.8634
1316.3656
1314.8011
1317.267
1316.6403
1331.1155
1323.3107
1326.0667
1307.661
1308.263
1313.1892
1317.5135
1310.745
1305.6356
1304.0541
1302.0305
1308.4587
1310.2166
1297.8384
1305.0571
1296.1796
1287.0532
1278.3558
1278.9565
1295.6194
1300.7135
1310.0293
1300.5598
1305.351
1295.9447
1307.0428
1307.3671
1294.9813
1295.4634
1289.2638
1290.0645
1275.5536
1280.0211
1281.4845
1279.6393
1291.363
1315.2745
1311.5125
1311.3334
1314.0427
1309.8735
1303.4769
1306.3837
1310.096
1314.7188
1291.4154
1290.697
1281.1616
1305.5077
1301.6285
1290.6865
1301.318
1306.5742
1306.1527
1306.5613
1317.48
1320.1964
1323.2441
1317.9207
1304.3691
1306.4554
1309.9459
1309.4982
1303.1742
1307.0696
1314.3763
1307.451
1309.0226
1307.4076
1305.779
1317.8275
1313.07
1299.8851
1289.5027
1288.2471
1287.1598
1305.2194
1306.8331
1306.493
1297.0103
1294.393
1305.5986
1302.7794
1298.4601
1322.736
1312.014
1304.3997
1313.533
1305.7402
1294.6492
1291.8591
1306.9913
1308.6835
1312.3025
1312.7552
1307.6779
1315.3793
1308.0378
1309.2612
1319.3156
1319.1969
1312.2594
1322.3768
1309.8873
1321.2306
1319.4939
1308.8813
1307.8246
1291.6984
1313.0011
1317.7627
1309.248
1314.9642
1315.7617
1321.9711
1313.3511
1325.3866
1320.0345
1318.5745
1324.636
1325.8883
1311.2388
1323.8011
1313.1401
1313.6464
1305.6835
1306.5399
1309.923
1316.4657
1314.9458
1312.6908
1323.1295
1330.7275
1315.1105
1316.8674
1324.2931
1320.333
1317.9723
1319.3605
1314.2025
1296.0865
1295.054
1316.9054
1308.8607
1322.5183
1321.9417
1316.8942
1316.4744
1318.6472
1312.5011
1311.763
1314.0951
1304.1323
1300.1725
1318.903
1300.4509
1297.7832
1306.9463
1313.2452
1311.4673
1311.4716
1318.9207
1327.742
1334.0096
1322.4636
1303.1512
1308.5743
1292.3954
1280.0298
1289.8925
1297.0607
1299.9187
1299.2024
1298.1228
1316.5826
1313.0848
1318.8893
1312.5437
1314.3456
1324.3662
1331.4989
1329.2067
1324.9369
1329.8804
1311.6436
1301.2736
1297.007
1308.9414
1302.4788
1298.0636
1292.9329
1298.5563
1300.7092
1300.0282
1293.4905
1288.336
1299.4686
1299.7341
1304.4161
1309.4955
1312.9445
1299.5154
1319.1201
1317.5681
1314.7083
1308.3773
1308.1732
1304.5901
1306.8754
1307.2124
1309.4519
1299.1515
1312.0836
1311.0468
1316.3104
1317.4829
1316.4761
1313.7301
1321.6687
1320.3997
1326.6716
1315.177
1309.624
1306.4927
1298.1078
1305.8396
1293.6288
1306.5562
1297.4375
1302.4569
1299.4928
1309.0457
1296.5968
1303.5675
1297.2928
1303.686
1284.1077
1290.6118
1311.8793
1305.0051
1292.6699
1295.5356
1293.1307
1276.3315
1287.065
1288.8733
1289.9017
1296.762
1297.6888
1279.9756
1294.1909
1284.7028
1287.7284
1311.0864
1310.6298
1300.6852
1303.199
1282.2063
1291.766
1295.552
1285.4852
1294.5876
1312.0742
1300.2437
1296.9559
1293.7711
1295.6394
1296.6302
1297.2513
1291.3121
1294.9103
1301.9545
1305.3875
1285.4131
-------Best per generation--------
1383.5084
1349.9071
1343.1941
1181.1228
1181.1228
1181.1228
1181.1228
1181.1228
1181.1228
1181.1228
1181.1228
1181.1228
1181.1228
1181.1228
1181.1228
1181.1228
1181.1228
1181.1228
1181.1228
1142.014
1137.9508
1137.9508
1137.9508
1137.9508
1137.9508
1137.9508
1137.9508
1137.9508
1137.9508
1137.9508
1137.9508
1137.9508
1137.9508
1137.9508
1137.9508
1137.9508
1137.9508
1137.9508
1137.9508
1137.9508
1137.9508
1122.3553
1122.3553
1122.3553
1122.3553
1122.3553
1122.3553
1114.4818
1057.7454
1057.7454
1057.7454
1057.7454
1057.7454
1057.7454
1057.7454
1057.7454
1045.5704
1045.5704
1045.5704
1045.5704
1045.5704
1045.5704
1045.5704
1045.5704
1045.5704
1045.5704
1045.5704
1045.5704
1045.5704
1045.5704
1005.3799
1005.3799
1005.3799
1005.3799
1005.3799
1005.3799
1005.3799
1005.3799
1005.3799
1005.3799
1005.3799
1005.3799
1005.3799
1005.3799
1005.3799
1005.3799
1005.3799
1005.3799
1005.3799
1005.3799
1005.3799
980.4362
980.4362
980.4362
980.4362
980.4362
980.4362
980.4362
980.4362
980.4362
980.4362
980.4362
980.4362
980.4362
980.4362
980.4362
980.4362
980.4362
980.4362
980.4362
980.4362
980.4362
980.4362
980.4362
980.4362
980.4362
980.4362
980.4362
980.4362
980.4362
980.4362
978.8251
978.8251
946.20953
946.20953
946.20953
946.20953
946.20953
946.20953
946.20953
946.20953
946.20953
946.20953
946.20953
946.20953
946.20953
946.20953
946.20953
946.20953
946.20953
946.20953
946.20953
946.20953
946.20953
946.20953
946.20953
946.20953
946.20953
946.20953
946.20953
946.20953
946.20953
946.20953
946.20953
946.20953
946.20953
946.20953
946.20953
946.20953
946.20953
946.20953
946.20953
946.20953
946.20953
946.20953
932.603
932.603
932.603
932.603
932.603
932.603
926.8907
926.8907
926.8907
926.8907
926.8907
926.8907
926.8907
926.8907
926.8907
926.8907
926.8907
926.8907
926.8907
926.8907
926.8907
911.40234
911.40234
911.40234
903.1434
903.1434
903.1434
903.1434
903.1434
903.1434
903.1434
903.1434
903.1434
903.1434
903.1434
903.1434
872.04535
872.04535
872.04535
872.04535
872.04535
872.04535
872.04535
872.04535
872.04535
872.04535
872.04535
872.04535
872.04535
872.04535
872.04535
872.04535
872.04535
872.04535
872.04535
872.04535
872.04535
872.04535
872.04535
872.04535
872.04535
872.04535
872.04535
872.04535
872.04535
872.04535
866.6246
866.6246
866.6246
866.6246
866.6246
866.6246
866.6246
866.6246
866.6246
866.6246
866.6246
866.6246
866.6246
866.6246
866.6246
866.6246
866.6246
866.6246
866.6246
854.9515
854.9515
854.9515
854.9515
854.9515
854.9515
854.9515
854.9515
854.9515
854.9515
854.9515
854.9515
854.9515
854.9515
854.9515
854.9515
851.79065
851.79065
846.6882
846.6882
841.8516
841.8516
841.8516
841.8516
841.8516
841.8516
841.8516
837.10925
836.3135
836.3135
836.3135
836.3135
832.1479
832.1479
832.1479
832.1479
832.1479
832.1479
832.1479
832.1479
824.03766
824.03766
824.03766
824.03766
820.22797
820.22797
820.22797
819.3811
795.608
795.608
795.608
795.608
795.16034
787.8234
787.8234
787.8234
787.8234
787.8234
787.8234
787.8234
787.8234
787.8234
787.8234
787.8234
787.8234
787.8234
787.8234
785.5885
785.5885
785.5885
766.575
760.5327
760.5327
760.5327
760.5327
760.5327
760.5327
760.5327
760.5327
760.24335
760.24335
760.24335
759.8266
756.3326
750.65704
750.65704
750.65704
750.65704
750.65704
750.65704
750.65704
750.65704
750.65704
750.65704
749.90076
749.90076
749.90076
749.90076
749.90076
749.90076
749.90076
749.90076
749.90076
749.90076
749.23236
746.9026
746.9026
746.9026
746.9026
746.9026
746.9026
746.9026
746.9026
746.9026
746.9026
746.9026
746.9026
746.9026
743.6307
743.6307
743.6307
738.58624
738.58624
738.58624
738.58624
735.5265
735.5265
735.5265
735.5265
735.5265
735.5265
735.5265
735.5265
735.5265
735.5265
735.5265
735.5265
735.5265
732.2546
732.2546
729.1948
729.1948
729.1948
729.1948
729.1948
729.1948
729.1948
729.1948
729.1948
729.1948
729.1948
729.1948
729.1948
729.1948
729.1948
729.1948
729.1948
729.1948
729.1948
729.1948
729.1948
729.1948
729.1948
729.1948
729.1948
729.1948
729.1948
729.1948
729.1948
729.1948
726.8011
726.8011
726.8011
726.8011
726.8011
726.8011
726.8011
726.8011
726.8011
726.8011
726.8011
726.8011
726.8011
726.8011
726.8011
724.9001
724.9001
724.9001
724.9001
724.9001
724.9001
724.9001
724.9001
724.9001
724.9001
724.9001
724.9001
724.9001
724.9001
723.70233
723.70233
723.70233
723.70233
723.70233
723.70233
723.70233
723.70233
723.70233
723.70233
723.70233
723.70233
723.70233
723.70233
723.70233
723.70233
723.70233
696.42914
696.42914
696.42914
696.42914
695.2314
695.2314
695.2314
695.2314
695.2314
695.2314
695.2314
695.2314
689.5995
689.5995
689.5995
689.5995
689.5995
689.5995
689.5995
687.7905
687.7905
687.7905
687.7905
687.7905
687.7905
687.7905
687.7905
687.7905
687.7905
687.7526
687.7526
687.7526
687.7526
687.7526
687.7526
687.7526
687.7526
687.7526
687.7526
687.404
687.404
687.404
687.404
687.404
687.404
687.404
687.404
687.404
687.404
687.404
687.404
687.404
687.404
687.404
687.404
687.404
687.404
687.404
687.404
679.3221
679.3221
679.3221
679.3221
679.3221
679.3221
679.3221
679.3221
679.3221
679.3221
679.3221
679.3221
679.3221
679.3221
679.3221
679.3221
674.556
674.556
674.556
674.556
674.556
674.556
674.556
674.556
674.556
674.556
674.556
674.556
674.556
674.556
674.556
674.556
674.556
674.556
674.556
674.556
674.556
674.556
674.556
674.556
674.556
674.556
674.556
674.556
674.556
674.556
674.556
674.556
674.556
674.556
674.556
674.556
674.556
674.556
674.556
674.556
674.556
674.556
674.556
674.556
674.556
674.556
674.556
674.556
674.556
674.556
674.556
674.556
674.556
674.556
674.556
674.556
674.556
674.556
674.556
674.556
674.556
674.556
674.556
674.556
674.556
674.556
674.556
674.556
674.556
674.556
674.556
674.556
674.556
674.556
674.556
674.556
674.556
674.556
674.556
674.556
674.556
674.556
674.556
674.556
674.556
674.556
674.556
672.0013
672.0013
672.0013
672.0013
672.0013
672.0013
672.0013
672.0013
672.0013
672.0013
672.0013
672.0013
672.0013
672.0013
672.0013
672.0013
672.0013
672.0013
672.0013
672.0013
672.0013
672.0013
672.0013
672.0013
672.0013
672.0013
672.0013
672.0013
672.0013
672.0013
672.0013
672.0013
672.0013
672.0013
672.0013
672.0013
672.0013
672.0013
672.0013
672.0013
672.0013
672.0013
672.0013
672.0013
672.0013
672.0013
672.0013
672.0013
672.0013
672.0013
672.0013
672.0013
672.0013
672.0013
672.0013
672.0013
672.0013
672.0013
672.0013
672.0013
672.0013
672.0013
672.0013
672.0013
672.0013
672.0013
672.0013
672.0013
672.0013
672.0013
672.0013
672.0013
672.0013
672.0013
672.0013
672.0013
672.0013
672.0013
672.0013
672.0013
671.1761
671.1761
671.1761
671.1761
671.1761
671.1761
671.1761
671.1761
671.1761
671.1761
671.1761
671.1761
671.1761
671.1761
671.1761
669.9476
669.9476
669.9476
669.9476
669.9476
669.9476
669.9476
669.9476
669.9476
669.9476
669.9476
669.9476
669.9476
669.9476
669.9476
669.9476
669.9476
669.9476
669.9476
669.9476
669.9476
669.9476
669.9476
669.9476
669.9476
669.9476
669.9476
669.9476
669.9476
669.9476
669.9476
669.9476
669.9476
669.9476
669.9476
669.9476
669.9476
669.9476
669.9476
669.9476
669.9476
669.9476
669.9476
669.9476
669.9476
669.9476
669.9476
669.9476
669.9476
669.9476
669.9476
669.9476
669.9476
669.9476
669.9476
669.9476
669.9476
669.9476
669.9476
669.9476
669.9476
669.9476
669.9476
669.9476
669.9476
669.9476
669.9476
669.9476
669.9476
669.9476
669.9476
669.9476
669.9476
669.9476
669.9476
669.9476
669.9476
669.9476
661.5388
661.5388
661.5388
661.5388
661.5388
661.5388
661.5388
661.5388
661.5388
661.5388
661.5388
661.5388
661.5388
661.5388
661.5388
661.5388
661.5388
661.5388
661.5388
661.5388
661.5388
661.5388
661.5388
661.5388
661.5388
661.5388
661.5388
661.5388
661.5388
661.5388
661.5388
661.5388
661.5388
661.5388
661.5388
661.5388
661.5388
661.5388
661.5388
661.5388
661.5388
661.5388
661.5388
661.5388
661.5388
661.5388
661.5388
661.5388
661.5388
661.5388
661.5388
661.5388
661.5388
661.5388
661.5388
661.5388
661.5388
661.5388
661.5388
661.5388
661.5388
661.5388
661.5388
661.5388
661.5388
661.5388
659.2096
659.2096
659.2096
659.2096
659.2096
659.2096
659.2096
659.2096
659.2096
659.2096
659.2096
659.2096
659.2096
659.2096
659.2096
659.2096
659.2096
659.2096
659.2096
659.2096
659.2096
659.2096
659.2096
659.2096
659.2096
659.2096
659.2096
659.2096
659.2096
659.2096
659.2096
659.2096
659.2096
659.2096
659.2096
659.2096
659.2096
659.2096
659.2096
659.2096
659.2096
659.2096
659.2096
659.2096
659.2096
659.2096
659.2096
659.2096
659.2096
659.2096
659.2096
659.2096
659.2096
659.2096
659.2096
659.2096
659.2096
659.2096
659.2096
659.2096
659.2096
659.2096
659.2096
659.2096
659.2096
659.2096
659.2096
659.2096
659.2096
659.2096
659.2096
659.2096
659.2096
659.2096
657.25085
657.25085
657.25085
657.25085
657.25085
657.25085
657.25085
657.25085
657.25085
657.25085
647.81934
647.81934
647.81934
647.81934
647.81934
647.81934
647.81934
647.81934
647.81934
647.81934
647.81934
647.81934
647.81934
647.81934
647.81934
647.81934
647.81934
647.81934
647.81934
647.81934
647.81934
647.81934
647.81934
647.81934
647.81934
647.81934
647.81934
647.81934
647.81934
647.81934
647.81934
647.81934
647.81934
647.81934
647.81934
647.81934
647.81934
647.81934
647.81934
647.81934
647.81934
647.81934
647.81934
647.81934
647.81934
647.81934
647.81934
647.81934
647.81934
EOF
