File: test2.txt
------------Properties------------
Number of cities: 51
Number of chromosomes: 1000
Number of generations: 1000
Tournament candidates: 3
Crossover type: UOX with bitmask
Crossover rate: 90%
Mutation type: Swap
Mutation rate: 0%
--------------Results-------------
Average distance of first generation: 1620.7312
Average distance of last generation: 1452.065
Best distance of first generation: 1323.8293
Best distance of last generation: 1185.8799
------Average per generation------
1620.7312
1586.7775
1571.1589
1555.3121
1546.3816
1544.9426
1536.336
1533.8021
1532.5385
1526.5822
1523.704
1521.0095
1516.7567
1512.1056
1510.4714
1505.431
1500.974
1500.9656
1497.9541
1495.8182
1491.756
1495.8656
1502.0092
1490.6503
1489.3501
1495.22
1498.205
1490.0614
1496.7483
1492.0167
1494.349
1496.501
1498.0305
1493.3214
1492.2177
1489.2357
1490.995
1496.3119
1494.6453
1490.822
1496.193
1494.5361
1488.5117
1489.0337
1494.3856
1497.7363
1492.9882
1497.2059
1494.597
1498.8356
1490.457
1492.2056
1495.3346
1490.1199
1486.3868
1487.59
1483.778
1487.4773
1486.3794
1487.4003
1480.7736
1484.0673
1489.2178
1486.2301
1488.7357
1481.835
1489.4001
1483.7235
1481.336
1482.8408
1481.4077
1480.5568
1485.5394
1480.1052
1483.7546
1478.4468
1476.4733
1479.4521
1475.6332
1476.0704
1476.3208
1472.098
1471.4717
1473.8701
1474.765
1479.0543
1473.8287
1474.4829
1474.7096
1477.1285
1474.5709
1477.0122
1475.1492
1473.2085
1473.1724
1468.562
1471.7909
1468.3959
1477.8564
1470.07
1473.0419
1482.1295
1475.6786
1477.8198
1478.6793
1479.0697
1478.6766
1486.0914
1476.749
1475.5883
1473.9673
1473.9329
1473.6655
1469.8488
1475.4442
1469.8761
1481.5353
1478.6315
1482.3329
1481.2894
1486.8716
1485.8091
1486.2513
1480.2317
1477.5713
1472.812
1473.6935
1474.2437
1474.6143
1477.2771
1477.9036
1481.6011
1477.3578
1475.8094
1473.2996
1473.6471
1467.5658
1480.3287
1478.2806
1474.9373
1472.8862
1469.9298
1475.1935
1475.9581
1468.5398
1469.2448
1473.5834
1477.3458
1478.3839
1473.7142
1481.3917
1479.5342
1489.2534
1484.7264
1479.2146
1482.3079
1479.9001
1477.7985
1469.7126
1475.7234
1480.663
1480.5706
1476.1012
1479.6881
1478.65
1475.0879
1477.1549
1474.1442
1470.0168
1475.794
1482.8368
1476.035
1476.3329
1476.4421
1481.1499
1475.2454
1470.4188
1469.3235
1475.1182
1472.9595
1473.9337
1471.3607
1470.139
1474.6426
1468.1722
1472.1936
1470.9607
1470.1282
1470.2649
1470.4865
1478.0485
1469.0153
1469.5062
1468.869
1471.638
1479.6923
1472.1875
1469.3638
1469.4623
1468.1721
1470.3059
1472.4746
1468.6544
1467.2954
1476.2361
1471.3374
1473.7914
1470.0083
1475.0293
1476.6786
1475.2744
1475.5923
1476.579
1473.9883
1476.2975
1473.9352
1474.2799
1471.6659
1471.1876
1475.8262
1478.7378
1476.6896
1472.9656
1472.6875
1466.428
1470.0417
1470.4078
1477.7971
1479.1543
1478.6816
1481.8007
1469.1844
1475.6062
1469.4077
1466.0658
1467.8058
1466.751
1462.6912
1463.7241
1466.1444
1471.7705
1474.3589
1470.9572
1471.2416
1470.542
1471.3536
1473.3096
1475.1571
1470.8583
1473.8662
1472.4973
1470.0558
1465.9753
1465.9175
1473.571
1469.0913
1466.9874
1462.1814
1470.8506
1473.6292
1477.8876
1474.417
1475.6069
1471.2684
1469.6393
1470.4904
1469.9248
1466.0804
1470.1495
1476.9758
1469.515
1474.0867
1473.139
1477.97
1473.2942
1469.5823
1473.3766
1463.7054
1465.4785
1468.4474
1468.5924
1472.1681
1470.2426
1468.7625
1472.1942
1474.3547
1468.1455
1473.104
1476.1882
1475.5714
1480.4033
1477.9983
1477.2306
1473.1489
1469.2384
1472.0364
1475.6707
1471.7367
1474.0696
1474.287
1474.3729
1468.0466
1465.9385
1472.3964
1477.3766
1477.8848
1476.0978
1477.1035
1476.6338
1470.3496
1477.0586
1472.2675
1479.794
1475.2609
1475.582
1476.1355
1474.9685
1481.3368
1478.4218
1471.562
1473.5464
1468.2917
1473.7937
1471.4949
1468.8999
1475.8572
1472.2878
1471.0824
1473.9991
1471.1366
1475.126
1478.4005
1474.0277
1469.2856
1467.0061
1470.5873
1470.3389
1475.8884
1474.6151
1479.1804
1478.0199
1475.5037
1477.2495
1472.3231
1473.6526
1464.2883
1465.024
1466.4521
1480.7129
1474.83
1481.4314
1479.4971
1471.3083
1476.7771
1468.5977
1474.227
1467.4174
1465.234
1476.1089
1470.7513
1469.2781
1476.8046
1473.6168
1476.276
1471.1624
1473.4562
1468.8522
1470.4169
1470.4512
1471.3148
1470.1707
1473.8408
1476.5802
1473.5248
1475.8765
1472.7854
1468.6655
1467.9556
1470.2043
1465.9614
1468.3949
1464.6396
1470.0066
1478.1124
1473.5713
1471.9874
1474.6107
1470.9192
1471.2512
1471.499
1474.3605
1475.9371
1476.5353
1474.8251
1473.9486
1471.2207
1466.5464
1472.0071
1469.4269
1469.0195
1470.2181
1471.2133
1475.1863
1471.0435
1470.9967
1469.2715
1472.801
1475.9924
1470.9529
1471.8534
1467.5911
1476.3433
1473.3181
1479.5303
1472.3999
1475.1967
1471.9955
1475.309
1480.2579
1469.7448
1471.7781
1473.5648
1472.2588
1470.1862
1467.3011
1469.5409
1464.6708
1476.031
1481.4474
1475.9246
1471.9708
1479.6853
1478.042
1480.5999
1480.356
1471.691
1476.1351
1470.9673
1473.0343
1470.4049
1469.542
1470.6852
1471.217
1466.3427
1470.2413
1466.9558
1465.4241
1471.1351
1471.0474
1470.7355
1464.697
1470.5842
1468.122
1466.8242
1472.6471
1476.9579
1475.556
1470.7274
1470.7278
1470.5458
1470.8226
1468.1547
1466.9591
1472.9412
1473.582
1468.0707
1473.45
1469.668
1471.1217
1469.347
1467.1935
1468.7411
1474.5668
1471.4319
1478.868
1477.1516
1475.819
1472.6643
1469.5605
1468.6409
1470.2539
1475.6963
1470.2725
1473.5681
1466.8276
1475.5155
1470.1729
1473.849
1471.2361
1474.4489
1469.9924
1468.2749
1468.5767
1473.7639
1474.4122
1468.9292
1475.6837
1477.034
1471.5128
1466.1971
1469.8849
1468.1383
1468.7976
1473.9478
1462.3079
1470.7094
1467.7114
1462.8247
1466.5468
1461.7104
1462.2958
1455.182
1460.5654
1451.4951
1456.5228
1455.812
1457.5062
1456.8075
1455.9802
1460.511
1454.3387
1460.2418
1460.9559
1464.0332
1463.5306
1458.3154
1451.6349
1457.0582
1454.4047
1453.677
1455.2094
1455.6006
1460.4186
1455.628
1446.9656
1453.9224
1450.473
1449.6241
1448.3214
1451.6649
1450.158
1457.9764
1454.9462
1461.5441
1460.7815
1459.2926
1456.9572
1461.2296
1460.2863
1461.1207
1456.8793
1453.2933
1454.6285
1452.8605
1457.5223
1450.3789
1452.0542
1453.4752
1446.9492
1454.3789
1457.6349
1447.4283
1454.2694
1454.8202
1454.7512
1446.4445
1449.9006
1451.7535
1450.0907
1454.5973
1450.4916
1456.6079
1449.4279
1455.4491
1453.6501
1452.2473
1443.9414
1453.8452
1459.2379
1458.5698
1461.4531
1447.831
1449.3158
1455.2218
1454.9529
1457.1929
1453.3352
1456.2795
1458.1378
1451.5087
1452.7028
1453.4656
1458.2593
1455.3362
1456.5181
1459.6453
1462.1412
1464.2671
1459.6161
1461.8711
1454.5146
1455.0829
1452.7239
1456.8817
1456.1389
1449.8303
1453.8737
1452.3951
1453.8375
1450.8486
1458.6555
1459.0426
1451.4152
1462.2744
1461.4027
1450.8031
1450.427
1447.0481
1452.3744
1454.7764
1455.3687
1452.7343
1460.0828
1458.8481
1458.3529
1459.3666
1456.0209
1455.4375
1456.3522
1453.4336
1456.7115
1461.7664
1463.4055
1454.7607
1447.0812
1448.356
1446.281
1451.7043
1453.6357
1453.6703
1454.5162
1454.4126
1449.0822
1450.379
1453.1653
1447.5314
1455.6729
1452.9945
1455.1008
1459.8739
1451.5826
1453.7206
1455.453
1450.8473
1451.9019
1450.5546
1456.0667
1451.6301
1451.4119
1447.5868
1450.3967
1450.0609
1453.9602
1449.0201
1455.0173
1455.3213
1451.3374
1447.6134
1457.973
1451.1921
1453.6967
1450.9114
1448.2128
1448.5272
1459.1106
1451.0105
1456.9678
1459.2078
1457.7223
1455.2614
1462.95
1453.706
1460.6074
1459.2936
1461.6274
1462.0142
1452.2449
1452.617
1456.6385
1454.4208
1450.3253
1463.0497
1461.7952
1459.0243
1457.0377
1459.2666
1455.6008
1456.7844
1454.8093
1452.835
1458.1791
1450.858
1452.6298
1452.0404
1452.4382
1454.6525
1457.1008
1455.8297
1459.8945
1457.0105
1455.2533
1450.2991
1458.6294
1454.6958
1452.317
1456.3754
1457.047
1454.9895
1457.5916
1455.448
1452.4362
1451.998
1451.0775
1449.2408
1453.6792
1456.2574
1455.2164
1448.5358
1453.5424
1451.641
1459.2566
1455.2913
1451.4149
1447.2727
1451.9863
1455.5295
1456.671
1455.7164
1463.6932
1457.8173
1457.2697
1454.1965
1454.2074
1442.8353
1456.0616
1466.643
1460.3232
1459.5316
1461.4028
1456.9672
1452.4042
1462.4362
1457.7916
1453.0328
1454.1779
1454.5532
1450.4717
1453.0509
1455.715
1441.0458
1454.9896
1455.9635
1451.4574
1447.512
1452.0825
1458.9888
1457.2775
1467.784
1456.1268
1457.3306
1461.38
1463.4374
1464.6532
1469.4457
1459.6483
1457.0266
1453.8684
1447.1469
1450.4434
1459.3091
1456.7351
1453.5964
1458.5568
1451.4956
1448.0271
1454.2621
1458.4702
1461.1575
1454.016
1449.8181
1451.3591
1454.938
1457.102
1457.5012
1459.2103
1454.8737
1456.1843
1455.0105
1451.6869
1456.0695
1453.9102
1449.7911
1455.2035
1454.3053
1458.4253
1458.8292
1454.128
1451.9545
1450.7188
1454.6948
1458.6892
1460.5017
1455.6279
1459.0409
1456.6018
1455.4893
1453.6649
1453.3522
1451.4855
1455.4384
1453.1212
1453.9967
1448.1534
1451.1362
1453.3392
1454.333
1460.3838
1462.5184
1455.0302
1457.256
1450.3759
1456.4116
1451.5975
1446.548
1447.1836
1447.753
1452.0227
1449.1298
1452.538
1451.3152
1460.056
1457.3937
1456.9738
1451.1998
1464.8298
1456.2847
1455.627
1456.814
1460.9573
1463.0885
1463.4231
1456.893
1460.4812
1462.8344
1457.5057
1460.9178
1456.3185
1459.2307
1460.3306
1461.685
1460.2452
1461.2153
1457.2922
1455.4565
1459.2915
1461.0563
1453.4479
1454.5125
1451.0815
1445.953
1447.8479
1447.4336
1447.5686
1450.3934
1457.1832
1449.4268
1450.2104
1450.3514
1452.9694
1450.0216
1456.211
1454.4834
1454.8086
1450.3802
1452.4011
1449.3281
1452.2223
1452.3676
1452.788
1451.8451
1455.9988
1451.904
1455.0214
1448.9386
1456.2435
1455.699
1454.5145
1450.021
1441.5256
1445.021
1445.0061
1449.3353
1449.8271
1441.5957
1443.187
1445.5989
1449.7914
1454.6554
1452.3264
1456.3938
1457.4133
1453.843
1438.5848
1447.5798
1446.9949
1446.4597
1447.2198
1443.4458
1449.4084
1452.2964
1451.2733
1455.2112
1458.2958
1456.9015
1450.9053
1458.308
1455.83
1468.5935
1469.8367
1460.984
1451.072
1454.8458
1455.7513
1459.4303
1453.1156
1451.4902
1458.9028
1451.9025
1452.4132
1452.7257
1445.3257
1457.5673
1459.541
1460.7242
1450.2936
1451.1621
1452.8105
1445.0157
1457.1567
1458.2323
1453.7665
1454.5437
1452.8846
1451.075
1455.5121
1456.2712
1451.7166
1449.0896
1451.0099
1448.2731
1450.0106
1449.2468
1451.6456
1455.9249
1457.5602
1454.608
1456.2239
1456.8175
1455.7938
1452.0134
1457.6544
1457.8138
1452.2324
1450.7904
1447.0992
1448.3433
1453.4689
1458.5679
1453.058
1455.1282
1442.1835
1454.5021
1449.9274
1446.5453
1452.623
1445.2423
1441.5442
1445.3379
1440.9714
1452.1064
1448.5317
1450.0608
1445.0715
1445.1232
1446.5939
1452.3346
1453.8016
1446.5485
1451.1506
1452.065
-------Best per generation--------
1323.8293
1317.3127
1317.3127
1317.3127
1317.3127
1317.3127
1300.5653
1300.5653
1300.5653
1300.5653
1300.5653
1300.5653
1300.5653
1300.5653
1300.5653
1300.5653
1300.5653
1300.5653
1300.5653
1300.5653
1300.5653
1300.5653
1300.5653
1300.5653
1300.5653
1300.5653
1300.5653
1300.5653
1300.5653
1300.5653
1300.5653
1300.5653
1300.5653
1281.5424
1281.5424
1281.5424
1281.5424
1281.5424
1281.5424
1281.5424
1281.5424
1281.5424
1281.5424
1281.5424
1281.5424
1281.5424
1281.5424
1281.5424
1281.5424
1281.5424
1281.5424
1281.5424
1281.5424
1281.5424
1281.5424
1281.5424
1281.5424
1252.0912
1252.0912
1252.0912
1252.0912
1252.0912
1252.0912
1252.0912
1252.0912
1252.0912
1252.0912
1252.0912
1252.0912
1252.0912
1252.0912
1252.0912
1252.0912
1252.0912
1252.0912
1252.0912
1252.0912
1252.0912
1252.0912
1252.0912
1252.0912
1252.0912
1252.0912
1252.0912
1252.0912
1252.0912
1252.0912
1252.0912
1252.0912
1252.0912
1252.0912
1252.0912
1252.0912
1252.0912
1252.0912
1252.0912
1252.0912
1252.0912
1252.0912
1252.0912
1252.0912
1252.0912
1252.0912
1252.0912
1252.0912
1252.0912
1252.0912
1252.0912
1252.0912
1252.0912
1252.0912
1252.0912
1252.0912
1252.0912
1252.0912
1252.0912
1252.0912
1252.0912
1252.0912
1252.0912
1252.0912
1252.0912
1252.0912
1252.0912
1252.0912
1252.0912
1252.0912
1252.0912
1252.0912
1252.0912
1252.0912
1252.0912
1252.0912
1252.0912
1252.0912
1252.0912
1252.0912
1252.0912
1252.0912
1252.0912
1252.0912
1252.0912
1252.0912
1252.0912
1252.0912
1252.0912
1252.0912
1252.0912
1252.0912
1252.0912
1252.0912
1252.0912
1252.0912
1252.0912
1252.0912
1252.0912
1247.2385
1247.2385
1247.2385
1247.2385
1247.2385
1247.2385
1247.2385
1247.2385
1247.2385
1247.2385
1247.2385
1247.2385
1247.2385
1247.2385
1247.2385
1247.2385
1247.2385
1247.2385
1247.2385
1247.2385
1247.2385
1247.2385
1247.2385
1247.2385
1247.2385
1247.2385
1247.2385
1247.2385
1247.2385
1247.2385
1247.2385
1247.2385
1247.2385
1247.2385
1247.2385
1247.2385
1247.2385
1237.4559
1237.4559
1237.4559
1237.4559
1237.4559
1237.4559
1237.4559
1237.4559
1237.4559
1237.4559
1237.4559
1237.4559
1237.4559
1237.4559
1237.4559
1237.4559
1237.4559
1237.4559
1237.4559
1237.4559
1237.4559
1237.4559
1237.4559
1237.4559
1237.4559
1237.4559
1237.4559
1237.4559
1237.4559
1237.4559
1237.4559
1237.4559
1237.4559
1237.4559
1237.4559
1237.4559
1237.4559
1237.4559
1237.4559
1237.4559
1237.4559
1237.4559
1237.4559
1237.4559
1237.4559
1237.4559
1237.4559
1237.4559
1237.4559
1237.4559
1237.4559
1237.4559
1237.4559
1237.4559
1237.4559
1237.4559
1237.4559
1237.4559
1237.4559
1237.4559
1237.4559
1237.4559
1237.4559
1237.4559
1237.4559
1237.4559
1237.4559
1237.4559
1237.4559
1237.4559
1237.4559
1237.4559
1237.4559
1237.4559
1237.4559
1237.4559
1237.4559
1237.4559
1237.4559
1237.4559
1237.4559
1237.4559
1237.4559
1237.4559
1237.4559
1237.4559
1237.4559
1237.4559
1237.4559
1237.4559
1237.4559
1237.4559
1237.4559
1237.4559
1237.4559
1237.4559
1237.4559
1237.4559
1237.4559
1237.4559
1237.4559
1237.4559
1237.4559
1237.4559
1236.5765
1236.5765
1236.5765
1236.5765
1236.5765
1236.5765
1236.5765
1236.5765
1236.5765
1236.5765
1236.5765
1236.5765
1236.5765
1236.5765
1236.5765
1236.5765
1236.5765
1236.5765
1236.5765
1236.5765
1236.5765
1236.5765
1236.5765
1236.5765
1236.5765
1236.5765
1236.5765
1236.5765
1236.5765
1236.5765
1236.5765
1236.5765
1236.5765
1236.5765
1236.5765
1236.5765
1236.5765
1236.5765
1236.5765
1236.5765
1236.5765
1236.5765
1236.5765
1236.5765
1236.5765
1236.5765
1236.5765
1236.5765
1236.5765
1236.5765
1236.5765
1236.5765
1236.5765
1236.5765
1236.5765
1236.5765
1236.5765
1236.5765
1236.5765
1236.5765
1236.5765
1236.5765
1236.5765
1236.5765
1236.5765
1236.5765
1236.5765
1236.5765
1236.5765
1236.5765
1236.5765
1236.5765
1236.5765
1236.5765
1236.5765
1236.5765
1236.5765
1236.5765
1236.5765
1236.5765
1236.5765
1236.5765
1236.5765
1236.5765
1236.5765
1236.5765
1236.5765
1236.5765
1236.5765
1236.5765
1236.5765
1236.5765
1236.5765
1236.5765
1236.5765
1236.5765
1236.5765
1236.5765
1236.5765
1236.5765
1236.5765
1236.5765
1236.5765
1236.5765
1236.5765
1236.5765
1236.5765
1236.5765
1236.5765
1236.5765
1236.5765
1236.5765
1236.5765
1236.5765
1236.5765
1236.5765
1236.5765
1236.5765
1236.5765
1236.5765
1236.5765
1236.5765
1236.5765
1236.5765
1236.5765
1236.5765
1236.5765
1236.5765
1236.5765
1236.5765
1236.5765
1236.5765
1236.5765
1236.5765
1236.5765
1236.5765
1236.5765
1236.5765
1236.5765
1236.5765
1236.5765
1236.5765
1236.5765
1236.5765
1236.5765
1236.5765
1236.5765
1236.5765
1236.5765
1236.5765
1236.5765
1236.5765
1236.5765
1236.5765
1236.5765
1236.5765
1236.5765
1236.5765
1236.5765
1236.5765
1236.5765
1236.5765
1236.5765
1236.5765
1236.5765
1236.5765
1236.5765
1236.5765
1236.5765
1236.5765
1236.5765
1236.5765
1236.5765
1236.5765
1236.5765
1236.5765
1236.5765
1236.5765
1236.5765
1236.5765
1236.5765
1236.5765
1236.5765
1236.5765
1236.5765
1236.5765
1236.5765
1236.5765
1236.5765
1236.5765
1236.5765
1236.5765
1236.5765
1236.5765
1236.5765
1236.5765
1203.7549
1203.7549
1203.7549
1203.7549
1203.7549
1203.7549
1203.7549
1203.7549
1203.7549
1203.7549
1203.7549
1203.7549
1185.8799
1185.8799
1185.8799
1185.8799
1185.8799
1185.8799
1185.8799
1185.8799
1185.8799
1185.8799
1185.8799
1185.8799
1185.8799
1185.8799
1185.8799
1185.8799
1185.8799
1185.8799
1185.8799
1185.8799
1185.8799
1185.8799
1185.8799
1185.8799
1185.8799
1185.8799
1185.8799
1185.8799
1185.8799
1185.8799
1185.8799
1185.8799
1185.8799
1185.8799
1185.8799
1185.8799
1185.8799
1185.8799
1185.8799
1185.8799
1185.8799
1185.8799
1185.8799
1185.8799
1185.8799
1185.8799
1185.8799
1185.8799
1185.8799
1185.8799
1185.8799
1185.8799
1185.8799
1185.8799
1185.8799
1185.8799
1185.8799
1185.8799
1185.8799
1185.8799
1185.8799
1185.8799
1185.8799
1185.8799
1185.8799
1185.8799
1185.8799
1185.8799
1185.8799
1185.8799
1185.8799
1185.8799
1185.8799
1185.8799
1185.8799
1185.8799
1185.8799
1185.8799
1185.8799
1185.8799
1185.8799
1185.8799
1185.8799
1185.8799
1185.8799
1185.8799
1185.8799
1185.8799
1185.8799
1185.8799
1185.8799
1185.8799
1185.8799
1185.8799
1185.8799
1185.8799
1185.8799
1185.8799
1185.8799
1185.8799
1185.8799
1185.8799
1185.8799
1185.8799
1185.8799
1185.8799
1185.8799
1185.8799
1185.8799
1185.8799
1185.8799
1185.8799
1185.8799
1185.8799
1185.8799
1185.8799
1185.8799
1185.8799
1185.8799
1185.8799
1185.8799
1185.8799
1185.8799
1185.8799
1185.8799
1185.8799
1185.8799
1185.8799
1185.8799
1185.8799
1185.8799
1185.8799
1185.8799
1185.8799
1185.8799
1185.8799
1185.8799
1185.8799
1185.8799
1185.8799
1185.8799
1185.8799
1185.8799
1185.8799
1185.8799
1185.8799
1185.8799
1185.8799
1185.8799
1185.8799
1185.8799
1185.8799
1185.8799
1185.8799
1185.8799
1185.8799
1185.8799
1185.8799
1185.8799
1185.8799
1185.8799
1185.8799
1185.8799
1185.8799
1185.8799
1185.8799
1185.8799
1185.8799
1185.8799
1185.8799
1185.8799
1185.8799
1185.8799
1185.8799
1185.8799
1185.8799
1185.8799
1185.8799
1185.8799
1185.8799
1185.8799
1185.8799
1185.8799
1185.8799
1185.8799
1185.8799
1185.8799
1185.8799
1185.8799
1185.8799
1185.8799
1185.8799
1185.8799
1185.8799
1185.8799
1185.8799
1185.8799
1185.8799
1185.8799
1185.8799
1185.8799
1185.8799
1185.8799
1185.8799
1185.8799
1185.8799
1185.8799
1185.8799
1185.8799
1185.8799
1185.8799
1185.8799
1185.8799
1185.8799
1185.8799
1185.8799
1185.8799
1185.8799
1185.8799
1185.8799
1185.8799
1185.8799
1185.8799
1185.8799
1185.8799
1185.8799
1185.8799
1185.8799
1185.8799
1185.8799
1185.8799
1185.8799
1185.8799
1185.8799
1185.8799
1185.8799
1185.8799
1185.8799
1185.8799
1185.8799
1185.8799
1185.8799
1185.8799
1185.8799
1185.8799
1185.8799
1185.8799
1185.8799
1185.8799
1185.8799
1185.8799
1185.8799
1185.8799
1185.8799
1185.8799
1185.8799
1185.8799
1185.8799
1185.8799
1185.8799
1185.8799
1185.8799
1185.8799
1185.8799
1185.8799
1185.8799
1185.8799
1185.8799
1185.8799
1185.8799
1185.8799
1185.8799
1185.8799
1185.8799
1185.8799
1185.8799
1185.8799
1185.8799
1185.8799
1185.8799
1185.8799
1185.8799
1185.8799
1185.8799
1185.8799
1185.8799
1185.8799
1185.8799
1185.8799
1185.8799
1185.8799
1185.8799
1185.8799
1185.8799
1185.8799
1185.8799
1185.8799
1185.8799
1185.8799
1185.8799
1185.8799
1185.8799
1185.8799
1185.8799
1185.8799
1185.8799
1185.8799
1185.8799
1185.8799
1185.8799
1185.8799
1185.8799
1185.8799
1185.8799
1185.8799
1185.8799
1185.8799
1185.8799
1185.8799
1185.8799
1185.8799
1185.8799
1185.8799
1185.8799
1185.8799
1185.8799
1185.8799
1185.8799
1185.8799
1185.8799
1185.8799
1185.8799
1185.8799
1185.8799
1185.8799
1185.8799
1185.8799
1185.8799
1185.8799
1185.8799
1185.8799
1185.8799
1185.8799
1185.8799
1185.8799
1185.8799
1185.8799
1185.8799
1185.8799
1185.8799
1185.8799
1185.8799
1185.8799
1185.8799
1185.8799
1185.8799
1185.8799
1185.8799
1185.8799
1185.8799
1185.8799
1185.8799
1185.8799
1185.8799
1185.8799
1185.8799
1185.8799
1185.8799
1185.8799
1185.8799
1185.8799
1185.8799
1185.8799
1185.8799
1185.8799
1185.8799
1185.8799
1185.8799
1185.8799
1185.8799
1185.8799
1185.8799
1185.8799
1185.8799
1185.8799
1185.8799
1185.8799
1185.8799
1185.8799
1185.8799
1185.8799
1185.8799
1185.8799
1185.8799
1185.8799
1185.8799
1185.8799
1185.8799
1185.8799
1185.8799
1185.8799
1185.8799
1185.8799
1185.8799
1185.8799
1185.8799
1185.8799
1185.8799
1185.8799
1185.8799
1185.8799
1185.8799
1185.8799
1185.8799
1185.8799
1185.8799
1185.8799
1185.8799
1185.8799
1185.8799
1185.8799
1185.8799
1185.8799
1185.8799
1185.8799
1185.8799
1185.8799
1185.8799
1185.8799
1185.8799
1185.8799
1185.8799
1185.8799
1185.8799
1185.8799
1185.8799
1185.8799
1185.8799
1185.8799
1185.8799
1185.8799
1185.8799
1185.8799
1185.8799
1185.8799
1185.8799
1185.8799
1185.8799
1185.8799
1185.8799
1185.8799
1185.8799
1185.8799
1185.8799
1185.8799
1185.8799
1185.8799
1185.8799
1185.8799
1185.8799
1185.8799
1185.8799
1185.8799
1185.8799
1185.8799
1185.8799
1185.8799
1185.8799
1185.8799
1185.8799
1185.8799
1185.8799
1185.8799
1185.8799
1185.8799
1185.8799
1185.8799
1185.8799
1185.8799
1185.8799
1185.8799
1185.8799
1185.8799
1185.8799
1185.8799
1185.8799
1185.8799
1185.8799
1185.8799
1185.8799
1185.8799
1185.8799
1185.8799
1185.8799
1185.8799
EOF
