File: test2.txt
------------Properties------------
Number of cities: 51
Number of chromosomes: 1000
Number of generations: 1000
Tournament candidates: 3
Crossover type: UOX with bitmask
Crossover rate: 90%
Mutation type: Swap
Mutation rate: 10%
--------------Results-------------
Average distance of first generation: 1622.8434
Average distance of last generation: 1234.8562
Best distance of first generation: 1312.2852
Best distance of last generation: 564.62384
------Average per generation------
1622.8434
1582.8475
1564.4529
1554.8273
1548.5516
1546.295
1541.827
1530.9064
1522.9396
1520.9158
1516.0399
1510.595
1509.2638
1505.934
1503.9261
1500.4961
1500.1144
1494.8231
1494.0511
1488.8068
1493.6813
1488.6058
1483.9705
1482.507
1477.5052
1475.0247
1475.6144
1472.8157
1470.0293
1464.5635
1467.3716
1469.8895
1474.397
1465.5741
1459.9987
1463.356
1460.3904
1460.8441
1452.765
1454.2432
1458.0548
1449.4734
1452.4293
1443.3784
1445.273
1440.6533
1442.8988
1446.7421
1443.5455
1442.0416
1441.954
1436.6604
1436.2844
1434.034
1436.6323
1424.4819
1423.4319
1425.5691
1433.8824
1424.3895
1422.0142
1418.9225
1421.1874
1411.7462
1413.9486
1417.0364
1417.2268
1413.3052
1410.6522
1409.049
1408.8313
1415.3143
1419.8971
1422.934
1423.2258
1415.0269
1412.4219
1415.0819
1413.8287
1408.9027
1400.8416
1406.6201
1401.1509
1413.837
1406.4375
1400.454
1399.6991
1407.9613
1416.3785
1408.1685
1411.844
1408.9314
1399.4706
1391.9457
1390.2192
1387.7681
1391.5813
1384.6893
1393.4418
1392.5261
1388.2296
1393.9235
1385.9495
1382.5646
1387.1073
1387.327
1383.0322
1383.1356
1379.0829
1378.4808
1380.2029
1383.683
1383.529
1387.7812
1390.5536
1387.6978
1397.6234
1390.3898
1389.8867
1377.7382
1380.278
1377.9283
1378.8557
1379.0491
1370.3904
1371.3235
1366.7396
1369.5569
1378.6941
1369.9469
1371.5054
1371.952
1377.2673
1374.932
1380.7019
1366.4043
1372.2114
1363.2365
1365.4755
1357.8616
1360.011
1360.7842
1356.4252
1373.8214
1374.0052
1381.1808
1370.3538
1371.1691
1373.4255
1366.9629
1364.458
1362.6842
1363.1647
1358.8143
1348.1069
1353.398
1354.6539
1349.2656
1362.9517
1357.3751
1352.4904
1360.8029
1360.9365
1360.4983
1366.2755
1371.2502
1372.6732
1356.0293
1342.621
1352.8939
1348.116
1361.1075
1349.0499
1357.0535
1355.7576
1363.7966
1356.2582
1358.2705
1352.6306
1350.0016
1344.0317
1344.3302
1336.4733
1350.7327
1341.8652
1348.1731
1349.2775
1340.3204
1333.943
1348.4697
1330.883
1340.997
1338.3708
1348.4634
1351.0854
1352.8406
1341.1738
1346.3162
1333.893
1329.4563
1334.3788
1337.9839
1352.8452
1353.0148
1347.5844
1355.4962
1352.1897
1349.9181
1344.4911
1361.2522
1346.9795
1344.3545
1354.0848
1350.2947
1345.17
1353.4719
1347.0995
1349.5292
1338.11
1332.744
1328.7494
1338.2551
1329.554
1334.8569
1332.8198
1340.9501
1357.9196
1346.6827
1344.2789
1331.9094
1339.8696
1334.8558
1331.7599
1327.3275
1323.5552
1317.2308
1341.2848
1320.8032
1323.6046
1327.6022
1322.8032
1335.5168
1336.0585
1333.172
1333.313
1332.0156
1341.614
1331.1835
1333.8302
1330.4282
1326.0549
1319.2144
1326.4175
1316.1185
1326.8743
1331.7595
1319.637
1331.632
1339.9321
1333.0752
1330.7365
1331.148
1325.8633
1324.942
1318.787
1319.9993
1318.7908
1329.2832
1329.6593
1336.0322
1321.4059
1324.9268
1323.0084
1328.1498
1318.7837
1337.447
1322.0378
1319.5463
1312.5345
1325.071
1314.1478
1322.6632
1321.1221
1329.7961
1319.3558
1315.4441
1324.5675
1318.6182
1319.9392
1333.8807
1322.9032
1321.5608
1327.7418
1320.776
1316.2812
1302.3976
1292.5477
1307.2548
1300.3949
1299.8425
1321.4335
1309.3562
1315.6715
1311.7806
1320.8558
1295.527
1297.2708
1302.8623
1318.2195
1315.6168
1311.6385
1320.643
1317.5835
1304.9022
1310.6653
1293.9492
1311.0249
1295.7521
1300.699
1309.6552
1308.9507
1324.6044
1329.07
1321.2013
1306.1345
1304.0237
1297.9509
1299.6506
1306.2202
1300.4392
1306.9806
1312.5491
1302.9222
1304.5743
1311.9689
1315.4352
1308.5499
1308.9873
1314.974
1314.1553
1299.4597
1305.4912
1319.81
1324.8362
1297.7961
1302.4373
1312.1932
1314.1769
1309.3411
1307.0624
1296.021
1301.0348
1290.213
1286.3098
1290.7693
1277.2325
1285.2128
1295.1476
1284.4078
1284.4242
1300.538
1299.1478
1280.762
1287.456
1290.649
1297.6616
1303.8005
1299.4752
1308.7941
1292.388
1301.8771
1293.232
1284.5215
1277.4879
1276.0736
1293.8434
1288.6707
1284.6754
1289.6324
1289.4633
1281.0034
1274.4867
1281.0723
1291.2208
1300.2108
1295.3225
1296.7115
1304.884
1290.3586
1289.1538
1292.7683
1286.4777
1292.5372
1280.8064
1272.4836
1275.532
1291.3422
1284.805
1284.4188
1285.1738
1283.6199
1291.2188
1305.8369
1289.9397
1281.08
1303.4335
1303.5846
1289.0929
1290.7365
1284.088
1275.4299
1280.157
1276.482
1282.0624
1272.9786
1281.8024
1271.6931
1276.6129
1268.1656
1289.2515
1303.4459
1289.333
1304.6389
1296.8518
1289.5006
1281.5806
1297.1475
1302.2354
1294.6796
1284.3259
1285.7528
1268.0042
1281.5084
1271.2311
1281.8651
1292.123
1288.3629
1290.3912
1287.2732
1288.5469
1279.4065
1282.5719
1283.5239
1271.9718
1277.4535
1264.7733
1278.7725
1283.113
1271.6729
1267.4268
1275.7368
1268.7822
1288.133
1296.7601
1270.5618
1285.6602
1281.7971
1277.1177
1259.4022
1259.919
1265.3429
1266.0232
1267.7963
1278.0243
1283.5436
1282.4045
1277.4027
1282.7876
1286.3605
1269.729
1274.7228
1283.3479
1265.3622
1262.9934
1287.9778
1273.1974
1280.8351
1282.7008
1278.9324
1264.0442
1263.7683
1279.1339
1279.5892
1272.1774
1256.3368
1282.4917
1278.4835
1273.3906
1261.8013
1257.9261
1266.745
1264.3193
1279.0194
1280.8857
1276.8209
1266.9482
1267.8467
1271.8005
1261.6663
1266.8756
1270.8579
1260.6604
1267.6776
1270.5977
1271.2546
1267.4788
1269.2053
1264.2035
1282.9924
1277.4707
1275.4697
1272.5671
1277.4706
1278.6758
1274.328
1283.7572
1280.7731
1270.6577
1266.4445
1279.7988
1273.005
1274.6932
1277.8041
1271.8004
1294.4807
1281.7708
1276.2589
1256.9119
1274.0068
1278.1393
1273.246
1273.9794
1273.2811
1278.8655
1283.1887
1279.6393
1277.3196
1274.0282
1282.4421
1287.4246
1268.1721
1278.0817
1274.766
1284.4108
1273.0155
1281.7358
1272.2822
1270.2177
1259.4108
1270.9567
1279.598
1272.0857
1263.3389
1274.4396
1280.1387
1295.0886
1298.0414
1285.7832
1286.8492
1296.2798
1294.7443
1271.859
1275.988
1280.607
1272.244
1262.5685
1258.0441
1259.282
1259.4448
1266.5669
1265.0137
1259.3834
1269.4017
1276.1504
1258.9447
1268.4203
1271.0991
1276.2108
1265.5764
1267.3121
1253.7926
1257.7432
1259.2123
1263.4698
1253.1533
1261.1315
1265.5925
1268.7119
1261.8077
1273.621
1269.481
1254.7306
1255.452
1251.6897
1249.8887
1263.0986
1267.032
1260.4391
1265.5382
1266.1066
1265.1395
1277.1609
1254.2207
1260.7361
1236.892
1241.393
1256.2325
1245.4133
1264.3605
1265.8291
1264.3978
1272.7489
1282.793
1271.9514
1259.4666
1253.6816
1280.5834
1266.2351
1266.3289
1263.029
1264.0311
1264.7705
1264.8411
1258.2208
1251.5454
1254.5858
1263.7809
1262.5205
1262.9933
1256.205
1261.854
1254.8616
1266.6566
1274.6732
1254.4926
1256.2134
1255.2329
1264.1672
1256.3134
1250.2623
1258.6199
1250.616
1249.4446
1257.9698
1266.8872
1241.9563
1255.9271
1253.4142
1252.8452
1252.6865
1250.757
1250.7385
1243.4271
1253.0488
1252.0094
1261.9534
1252.9718
1261.608
1263.1088
1261.5829
1271.6539
1268.0486
1265.0846
1263.3683
1255.3032
1253.7378
1260.1718
1260.6904
1246.6646
1252.2742
1246.045
1250.0289
1247.0715
1243.9109
1246.9006
1252.3475
1238.6608
1246.6945
1251.1616
1248.4269
1246.4114
1249.3097
1237.8396
1232.1628
1228.7952
1239.9834
1250.3882
1246.3193
1240.9597
1243.4874
1251.4369
1262.0454
1248.6941
1237.1709
1243.2579
1231.4797
1238.8416
1238.8787
1243.8079
1237.2457
1241.2692
1238.7336
1244.7495
1246.7776
1247.5906
1238.8695
1241.2905
1240.5446
1255.448
1243.8708
1255.2758
1255.0645
1256.7712
1269.0122
1256.4314
1265.8002
1265.2432
1263.7163
1256.4915
1246.6688
1244.4099
1258.8452
1270.1206
1248.6072
1245.1788
1252.277
1242.1364
1251.5276
1234.7932
1225.6525
1241.6968
1232.0664
1249.6376
1264.047
1264.0417
1268.8167
1252.005
1247.13
1260.0571
1261.699
1250.1052
1251.7284
1246.0323
1252.5922
1249.5282
1254.3461
1259.0773
1257.2367
1251.6482
1262.4052
1263.0537
1275.0516
1259.4678
1253.1467
1255.8027
1263.4535
1247.8123
1259.7395
1248.5681
1258.6814
1241.2865
1232.8214
1234.2465
1238.1956
1257.9591
1257.9843
1252.2148
1254.4514
1264.9625
1247.0038
1254.3793
1259.776
1252.088
1249.7479
1246.9661
1242.8542
1240.0233
1226.6365
1232.8712
1234.5295
1233.4458
1251.1749
1243.0355
1249.6635
1249.5781
1236.9011
1243.0665
1228.8962
1239.0968
1240.5621
1256.2482
1246.6752
1255.1218
1252.7568
1250.1064
1255.5482
1239.2028
1240.5363
1250.8691
1246.4528
1249.3646
1235.4639
1241.9329
1241.4421
1235.5568
1247.2996
1265.7275
1270.9862
1264.3767
1246.3235
1246.4113
1265.6014
1248.7921
1250.9697
1247.4452
1256.1007
1267.0188
1258.7611
1248.0092
1242.7764
1232.9443
1221.6732
1217.4781
1212.3921
1209.595
1230.9525
1239.3483
1243.2512
1251.8506
1252.8857
1252.1572
1249.0526
1232.5095
1235.5955
1234.9357
1216.7755
1221.0944
1214.7876
1222.7396
1226.9725
1233.6019
1235.0864
1240.2186
1246.342
1243.0448
1225.4441
1235.8787
1234.8357
1230.9569
1241.0858
1236.9746
1260.2683
1249.7721
1261.6769
1239.1029
1260.3914
1255.4735
1243.5673
1240.071
1242.3723
1244.6455
1260.5991
1250.8732
1263.2639
1246.826
1255.6066
1244.4335
1243.1831
1246.5546
1259.1313
1239.267
1249.3368
1244.2404
1224.0863
1235.7205
1236.3129
1220.0128
1227.9663
1234.7449
1231.5818
1217.1245
1226.3864
1220.902
1243.5806
1240.6208
1232.4258
1236.8497
1232.8284
1240.176
1235.6879
1228.367
1227.4956
1215.4377
1225.3728
1224.3347
1232.1229
1228.2548
1233.0962
1211.6237
1230.3433
1247.0349
1232.6886
1245.3567
1239.2887
1231.6163
1243.953
1239.9127
1240.1709
1243.727
1232.7645
1226.5298
1236.3574
1223.4999
1239.918
1231.2438
1238.457
1243.8064
1240.6442
1234.6271
1248.6007
1268.4631
1266.57
1245.2347
1247.6837
1227.6846
1229.4362
1233.0881
1247.1572
1235.7227
1238.0663
1246.1838
1252.8184
1238.4559
1235.8079
1230.9519
1241.3865
1233.9584
1237.8707
1236.7585
1244.8212
1237.4872
1238.2819
1237.5122
1236.5734
1232.4781
1221.551
1221.1062
1241.1265
1248.7883
1232.7319
1234.7523
1235.166
1247.2219
1257.8214
1243.1981
1238.065
1238.9707
1235.5626
1236.4777
1227.6056
1231.4347
1235.7969
1225.0698
1229.1909
1232.3436
1236.6913
1248.5316
1243.5322
1250.9045
1246.4803
1240.4226
1242.111
1239.8246
1222.5762
1226.775
1236.9724
1227.2257
1239.8987
1244.5142
1235.0676
1235.6595
1231.003
1240.1732
1238.9025
1236.3188
1233.0793
1231.7416
1228.1488
1217.7876
1230.1975
1213.757
1218.6959
1240.1538
1246.1256
1244.8708
1231.6188
1236.5721
1236.9656
1248.5265
1234.8562
-------Best per generation--------
1312.2852
1312.2852
1312.2852
1312.2852
1312.2852
1312.2852
1290.0641
1290.0641
1247.149
1247.149
1247.149
1247.149
1247.149
1247.149
1247.149
1247.149
1247.149
1227.7631
1227.7631
1218.0457
1180.827
1180.827
1180.827
1180.827
1180.827
1180.827
1180.827
1180.827
1180.827
1169.5522
1137.6537
1137.6537
1137.6537
1137.6537
1137.6537
1136.2018
1136.2018
1136.2018
1116.6615
1116.6615
1116.6615
1116.6615
1116.6615
1116.6615
1112.1787
1083.4316
1083.4316
1083.4316
1083.4316
1083.4316
1083.4316
1083.4316
1083.4316
1083.4316
1083.4316
1083.4316
1083.4316
1083.4316
1067.3619
1067.3619
1067.3619
1067.3619
1067.3619
1067.3619
1058.2766
1055.7844
1055.7844
1055.7844
1055.7844
1055.2003
1055.2003
1055.2003
1055.2003
1055.2003
1006.24854
1006.24854
1006.24854
1006.24854
1006.24854
1006.24854
1006.24854
1006.24854
994.3142
994.3142
994.3142
994.3142
994.3142
994.3142
994.3142
994.3142
994.3142
994.3142
994.3142
994.3142
978.60126
978.60126
978.60126
978.60126
978.60126
978.60126
978.60126
978.60126
978.60126
978.60126
978.60126
978.60126
948.32275
948.32275
948.32275
948.32275
948.32275
948.32275
948.32275
948.32275
948.32275
948.32275
948.32275
931.637
931.637
931.637
931.637
931.637
931.637
931.637
931.637
913.3688
913.3688
913.3688
913.3688
913.3688
913.3688
913.3688
913.3688
913.3688
913.3688
913.3688
913.3688
913.3688
913.3688
913.3688
911.89246
908.7671
908.7671
908.7671
908.7671
898.84686
898.84686
898.84686
898.84686
898.84686
898.84686
898.84686
898.84686
890.473
890.473
890.473
890.473
890.473
890.473
890.473
890.473
888.16455
888.16455
888.16455
886.5371
886.5371
886.5371
886.5371
886.5371
886.5371
886.5371
881.7835
876.75415
876.75415
871.19995
871.19995
871.19995
871.19995
871.19995
871.19995
860.99835
860.99835
860.99835
860.99835
860.99835
860.99835
860.99835
860.99835
860.99835
860.99835
860.99835
860.99835
851.6572
851.6572
851.6572
851.6572
851.6572
851.6572
851.6572
851.6572
851.6572
851.6572
851.6572
851.6572
851.6572
851.6572
851.6572
851.6572
851.6572
851.6572
850.6357
850.6357
849.02765
849.02765
849.02765
849.02765
849.02765
843.64746
843.64746
837.1353
837.1353
837.1353
837.1353
837.1353
837.1353
837.1353
837.1353
837.1353
837.1353
837.1353
837.1353
837.1353
837.1353
837.1353
829.54095
828.6865
828.6865
828.6865
828.6865
828.6865
828.6865
828.6865
828.6865
828.6865
828.6865
828.6865
828.6865
828.6865
827.83417
827.83417
827.83417
827.83417
827.83417
827.83417
821.09216
821.09216
821.09216
821.09216
821.09216
821.09216
821.09216
805.4139
805.4139
805.4139
805.4139
805.4139
805.4139
805.4139
805.4139
791.6175
787.4922
787.4922
787.4922
787.4922
783.7806
783.7806
783.7806
783.7806
783.7806
769.6129
769.6129
769.6129
769.6129
769.6129
769.6129
769.6129
769.6129
769.6129
769.6129
769.6129
769.6129
769.6129
769.6129
769.6129
769.6129
769.6129
769.6129
769.6129
769.6129
764.6258
764.6258
764.6258
764.6258
764.6258
764.6258
764.6258
764.6258
764.6258
764.6258
764.6258
764.6258
764.6258
764.6258
764.6258
764.6258
763.67566
763.67566
763.67566
762.3632
762.3632
762.3632
757.7266
757.7266
757.7266
757.7266
757.7266
757.7266
757.7266
757.7266
753.2134
753.2134
753.2134
753.2134
753.2134
753.2134
753.2134
725.9012
725.9012
725.9012
725.9012
725.9012
725.9012
725.9012
725.9012
725.9012
725.9012
725.9012
725.9012
725.9012
725.9012
720.8555
720.8555
720.8555
720.8555
720.8555
720.8555
720.8555
720.8555
720.8555
720.8555
720.8555
720.8555
720.8555
714.70465
714.70465
714.70465
714.70465
714.70465
714.70465
714.70465
714.70465
714.70465
713.7766
713.7766
713.7766
711.9139
711.9139
711.9139
711.9139
711.9139
711.9139
711.9139
702.2155
702.2155
702.2155
702.2155
702.2155
702.2155
702.2155
702.2155
702.2155
702.2155
702.2155
702.2155
702.2155
702.2155
702.2155
702.2155
702.2155
702.2155
702.2155
702.2155
702.2155
702.2155
702.2155
702.2155
702.2155
698.5562
698.5562
698.5562
698.5562
695.8311
681.8722
681.8722
681.8722
681.8722
681.8722
681.8722
681.8722
681.8722
681.8722
681.8722
681.8722
681.8722
681.8722
681.8722
681.8722
681.8722
681.8722
681.8722
681.8722
681.8722
681.8722
680.25793
672.91846
672.91846
672.91846
672.91846
672.91846
672.91846
672.91846
672.91846
672.91846
672.91846
672.91846
672.91846
672.91846
672.91846
672.91846
672.91846
672.91846
672.91846
672.91846
672.91846
672.91846
672.91846
672.91846
672.91846
672.91846
672.91846
672.91846
672.4611
672.4611
672.4611
671.6424
666.9695
666.9695
666.9695
666.9695
666.9695
666.9695
666.9695
666.9695
666.68524
666.68524
666.68524
666.68524
666.68524
666.68524
666.68524
666.68524
666.68524
666.68524
666.68524
665.69336
665.69336
665.69336
665.69336
663.7308
663.7308
663.7308
663.7308
663.7308
663.7308
663.7308
663.7308
663.7308
663.7308
663.7308
663.7308
663.7308
663.7308
663.7308
663.7308
663.119
663.119
663.119
663.119
663.119
663.119
663.119
663.119
663.119
663.119
663.119
663.119
663.119
663.119
663.119
663.119
663.119
663.119
663.119
663.119
663.119
663.119
663.119
663.119
662.8517
662.8517
662.8517
662.322
661.62665
655.6965
655.6965
655.6965
655.6965
655.6965
655.6965
655.6965
655.6965
655.6965
655.6965
655.6965
640.01447
640.01447
640.01447
640.01447
640.01447
640.01447
640.01447
640.01447
640.01447
640.01447
640.01447
640.01447
640.01447
640.01447
640.01447
640.01447
640.01447
640.01447
640.01447
640.01447
640.01447
640.01447
640.01447
640.01447
640.01447
640.01447
639.4439
639.4439
639.4439
639.4439
634.4934
634.4934
634.4934
634.4934
633.5603
633.5603
633.5603
633.5603
633.5603
633.5603
633.5603
633.5603
633.5603
633.5603
633.5603
633.5603
633.5603
629.9023
629.9023
629.9023
629.9023
629.9023
629.9023
629.9023
629.9023
629.9023
629.9023
629.9023
619.41016
619.41016
619.41016
619.41016
619.41016
619.41016
619.41016
619.41016
619.41016
619.41016
619.41016
619.41016
619.41016
619.41016
619.41016
619.41016
619.41016
619.41016
619.41016
619.41016
619.41016
619.41016
619.41016
619.41016
619.41016
610.7169
610.7169
610.7169
610.7169
610.7169
610.7169
610.7169
610.7169
610.7169
610.7169
610.7169
610.7169
610.7169
610.7169
609.6653
609.6653
609.6653
609.6653
609.6653
609.6653
609.6653
609.6653
609.6653
609.6653
609.6653
609.6653
609.6653
609.6653
609.6653
609.6653
609.6653
609.6653
609.6653
609.6653
609.6653
609.6653
609.6653
609.6653
609.6653
609.6653
609.6653
609.6653
609.6653
609.6653
609.6653
609.6653
609.6653
609.6653
609.6653
609.6653
609.6653
609.6653
609.6653
609.6653
609.6653
609.6653
609.6653
609.6653
607.3199
607.3199
607.3199
607.3199
607.3199
607.3199
607.3199
607.3199
607.3199
603.86206
603.86206
603.86206
603.86206
603.86206
603.86206
603.86206
603.86206
603.86206
603.86206
603.86206
600.85156
600.85156
600.85156
600.85156
600.85156
600.85156
600.85156
600.85156
600.85156
600.85156
600.85156
600.85156
600.85156
600.85156
600.85156
600.85156
600.85156
600.85156
600.85156
593.85126
593.85126
593.85126
593.85126
593.85126
593.85126
593.85126
593.85126
593.85126
593.85126
593.85126
593.85126
593.85126
593.85126
593.85126
593.85126
593.85126
593.85126
593.85126
593.85126
593.2063
593.2063
593.2063
593.2063
593.2063
593.2063
592.496
583.9554
583.9554
583.9554
583.9554
583.9554
583.9554
583.9554
583.9554
583.9554
583.9554
583.9554
583.9554
583.9554
583.9554
583.9554
583.9554
583.9554
583.9554
583.9554
583.9554
583.9554
582.2108
582.2108
582.2108
582.2108
582.2108
582.2108
582.2108
582.2108
582.2108
582.2108
582.2108
582.2108
582.2108
582.2108
582.2108
582.2108
582.2108
581.6191
581.6191
581.6191
581.6191
581.6191
581.6191
581.6191
581.6191
581.6191
581.6191
581.6191
581.6191
581.6191
581.6191
576.3392
576.3392
576.3392
576.3392
575.74744
575.74744
575.74744
575.74744
575.74744
575.74744
575.74744
575.74744
575.74744
575.74744
575.74744
575.74744
575.74744
575.74744
575.74744
575.74744
575.74744
575.74744
575.74744
575.74744
575.74744
575.74744
575.74744
575.74744
575.74744
575.74744
575.74744
575.74744
575.74744
575.74744
575.74744
575.74744
575.74744
575.74744
575.74744
575.74744
575.74744
575.74744
575.74744
575.74744
575.74744
575.74744
575.74744
575.74744
575.74744
575.74744
575.74744
575.74744
575.15485
575.15485
573.54047
573.54047
573.54047
573.54047
573.54047
573.54047
573.54047
573.54047
573.54047
573.54047
573.54047
573.54047
573.54047
573.54047
573.54047
573.54047
573.54047
573.54047
573.54047
573.54047
573.54047
573.54047
573.54047
573.54047
573.54047
573.54047
570.80066
570.80066
570.80066
570.80066
570.80066
570.80066
570.80066
570.80066
570.80066
570.80066
570.80066
570.80066
570.80066
570.80066
570.80066
570.80066
570.80066
570.80066
570.80066
570.80066
570.80066
570.80066
570.80066
570.80066
570.80066
570.80066
570.80066
570.80066
570.80066
570.80066
570.80066
570.80066
570.80066
570.80066
570.80066
570.80066
570.80066
570.80066
570.80066
570.80066
570.80066
570.80066
570.80066
570.80066
570.80066
570.80066
570.80066
570.80066
570.80066
570.80066
570.80066
570.80066
570.80066
570.80066
570.80066
570.80066
570.80066
570.80066
570.80066
570.80066
570.80066
570.80066
569.98926
569.98926
569.98926
569.98926
569.98926
569.98926
565.97974
565.97974
565.97974
565.97974
565.97974
565.97974
565.97974
565.97974
565.97974
565.97974
565.97974
565.97974
565.97974
565.97974
565.97974
565.97974
565.97974
565.97974
565.97974
565.97974
565.97974
565.97974
565.97974
565.97974
565.97974
565.97974
565.97974
565.97974
565.97974
565.97974
565.97974
565.97974
565.97974
565.97974
565.97974
565.97974
565.97974
565.97974
565.97974
565.97974
565.97974
564.62384
564.62384
564.62384
564.62384
564.62384
564.62384
564.62384
564.62384
EOF
