File: test2.txt
------------Properties------------
Number of cities: 51
Number of chromosomes: 1000
Number of generations: 1000
Tournament candidates: 3
Crossover type: PMX
Crossover rate: 100%
Mutation type: Swap
Mutation rate: 0%
--------------Results-------------
Average distance of first generation: 1618.1482
Average distance of last generation: 1249.4496
Best distance of first generation: 1361.5168
Best distance of last generation: 557.1847
------Average per generation------
1618.1482
1586.954
1574.1903
1565.9886
1560.7557
1551.2577
1551.282
1552.883
1544.9845
1547.9631
1540.6141
1535.9622
1543.925
1539.8792
1537.2712
1536.7771
1530.8154
1530.0903
1533.8945
1528.5206
1530.5177
1529.2437
1528.904
1531.2405
1528.509
1525.2078
1525.227
1519.3606
1513.7483
1518.6311
1516.904
1518.5372
1518.2059
1515.8901
1518.347
1518.2633
1513.2343
1512.6428
1507.9154
1510.1403
1507.1842
1509.3666
1506.5704
1510.9745
1508.6393
1504.6913
1505.7932
1505.5255
1506.3976
1509.9937
1505.4884
1507.2609
1501.2324
1506.1992
1500.5559
1504.9824
1496.9946
1497.2614
1499.0492
1494.7615
1497.9961
1495.059
1496.4366
1493.833
1493.5891
1490.5107
1492.466
1493.8771
1495.7495
1492.8682
1488.716
1490.4493
1489.0367
1486.3147
1493.0414
1490.1267
1488.7008
1489.1704
1483.027
1480.9879
1486.5874
1485.8816
1482.919
1481.441
1482.1881
1482.6791
1474.4084
1469.819
1471.135
1464.5217
1469.5322
1469.2323
1474.5259
1474.0192
1472.4604
1471.475
1471.4377
1467.8602
1465.6316
1465.046
1465.1074
1466.9017
1468.0172
1473.3018
1468.7152
1468.9836
1466.5952
1466.8329
1465.7218
1468.7958
1464.9581
1472.6327
1469.0579
1468.6925
1468.5631
1471.3013
1466.1503
1472.8926
1468.5469
1466.396
1467.5698
1464.3844
1467.8638
1457.4053
1457.0216
1452.9319
1457.321
1458.6029
1451.2892
1452.9476
1455.5814
1453.8706
1448.3246
1442.3528
1452.6332
1453.8235
1443.8292
1446.8643
1443.6232
1445.1348
1444.0864
1439.6306
1431.3024
1439.9172
1443.5364
1438.1555
1445.0529
1440.3602
1436.1438
1433.8491
1424.8807
1434.6812
1426.0446
1418.2714
1422.5045
1426.0083
1423.1398
1426.4022
1425.2834
1434.7782
1422.6627
1415.1272
1412.591
1420.206
1410.1802
1418.324
1405.6969
1402.095
1412.0602
1410.5314
1408.8872
1401.8088
1397.7142
1402.4187
1396.4202
1386.4253
1395.3276
1384.8698
1388.2888
1390.8385
1381.1274
1385.2452
1393.4197
1382.8514
1371.5197
1384.939
1386.0527
1388.3439
1394.2683
1398.3354
1388.5466
1385.066
1380.6552
1385.5054
1373.4447
1381.5587
1384.7008
1379.9846
1375.9241
1380.0197
1375.6416
1376.3381
1370.5543
1372.4047
1374.0109
1369.1322
1375.6345
1369.8888
1358.5577
1358.8512
1365.3613
1372.8126
1366.5167
1366.8981
1364.4211
1353.0063
1350.8563
1348.794
1351.8405
1353.1616
1352.8921
1352.7725
1358.0983
1362.6409
1361.7437
1355.2646
1352.9655
1345.5945
1329.6704
1330.7072
1338.403
1341.563
1334.1505
1344.9016
1337.1118
1343.0216
1332.3422
1338.1644
1348.8765
1349.4054
1340.8477
1332.307
1327.7548
1339.0457
1334.9976
1329.2146
1326.9
1328.5219
1323.5643
1328.5927
1318.6747
1315.5461
1321.893
1325.2253
1330.2659
1324.6967
1329.5665
1336.6473
1324.1434
1315.795
1328.0715
1330.0928
1319.3733
1308.1832
1323.0526
1310.6337
1300.0972
1301.0695
1298.528
1297.9065
1300.04
1285.7104
1306.556
1302.5762
1305.976
1309.8547
1300.2837
1288.0977
1290.462
1284.1782
1293.6512
1275.2908
1281.8079
1280.0532
1267.2988
1288.6847
1297.2301
1290.8315
1304.7802
1297.903
1288.8676
1297.2996
1287.533
1287.259
1288.024
1280.6072
1283.0525
1294.5132
1299.2826
1302.5153
1304.1362
1293.3472
1288.9183
1299.9073
1299.0464
1305.529
1311.2954
1303.0438
1290.77
1300.6627
1288.0592
1290.0466
1293.7495
1286.4125
1280.9274
1289.8802
1286.3273
1284.8545
1270.8209
1267.7129
1269.5223
1276.4972
1268.2037
1289.4681
1290.7133
1285.6946
1285.2089
1304.8967
1303.9952
1289.85
1297.1317
1291.7231
1292.7472
1297.5404
1296.9011
1289.2827
1282.7354
1288.3083
1291.6731
1292.586
1283.0176
1268.7046
1267.392
1277.5428
1283.562
1277.2283
1276.5383
1271.932
1278.3062
1269.9496
1272.6205
1281.0479
1277.4906
1283.805
1297.0579
1293.8977
1284.6061
1282.1763
1275.5245
1278.3713
1285.2434
1281.061
1263.7174
1289.7147
1278.976
1259.8812
1251.9125
1272.622
1278.3387
1266.8862
1270.7378
1279.365
1288.6931
1278.7871
1295.7671
1284.8809
1282.38
1283.4983
1263.0333
1274.2347
1272.4143
1269.1421
1284.2655
1282.8143
1278.0925
1287.4628
1288.5656
1295.2184
1301.592
1301.878
1301.1526
1280.5347
1291.1353
1269.0275
1280.7871
1273.1759
1278.6722
1295.9353
1282.3372
1281.1271
1275.7058
1270.3857
1272.5675
1271.5514
1281.91
1280.6166
1273.4811
1273.4065
1261.8113
1266.101
1272.0051
1281.5085
1286.0999
1283.0533
1288.8678
1277.9318
1286.2157
1273.9725
1274.2797
1275.4432
1282.9359
1291.854
1280.7461
1278.3931
1260.9111
1256.9392
1257.2653
1250.2982
1275.5529
1283.2386
1277.819
1278.5117
1285.4177
1280.1136
1288.9122
1300.7612
1300.3401
1287.5421
1273.3322
1282.74
1270.4623
1278.5087
1277.4847
1284.7264
1268.8813
1264.6631
1268.4276
1272.7354
1278.9763
1281.4688
1282.775
1285.9794
1280.4642
1281.4955
1275.3033
1276.2594
1287.458
1276.1306
1290.245
1288.505
1289.3502
1284.6389
1296.7893
1285.5911
1279.5464
1265.5865
1277.8156
1274.5562
1265.0181
1273.1794
1273.0421
1275.5172
1285.709
1282.7297
1277.5334
1280.4801
1276.4962
1276.1035
1283.4502
1299.76
1293.2146
1267.859
1282.0852
1271.8802
1278.0994
1274.6604
1286.4469
1285.1047
1301.188
1288.3451
1287.0869
1250.2577
1267.272
1269.4097
1266.4192
1265.1396
1279.6764
1289.3749
1273.4008
1274.2272
1270.605
1268.3025
1269.1222
1260.7837
1276.8148
1277.0913
1270.1038
1277.639
1270.3346
1277.4452
1270.3597
1272.6239
1280.1262
1276.5526
1273.6967
1265.8113
1255.9127
1251.4233
1255.1552
1262.3234
1257.3536
1263.003
1263.2748
1267.0725
1274.0457
1274.9095
1271.531
1265.6274
1274.5127
1276.6649
1267.5282
1270.1382
1276.3954
1281.5713
1264.4824
1267.2751
1268.3213
1274.5222
1294.7557
1289.5472
1279.7456
1284.4169
1262.168
1270.091
1271.5327
1286.8683
1281.9856
1279.8245
1271.2362
1280.3579
1274.8989
1268.1842
1254.9868
1252.7618
1257.2019
1263.5278
1262.2825
1264.7456
1276.5688
1274.7972
1270.7079
1278.3899
1280.638
1282.7483
1271.3165
1264.1969
1258.7
1251.908
1260.3446
1262.4169
1251.0372
1264.4862
1268.4929
1263.9052
1272.2865
1281.3057
1282.9832
1270.8917
1273.4462
1270.5596
1256.5905
1246.321
1255.7992
1262.0289
1262.1255
1263.8232
1260.408
1270.4999
1273.107
1265.8007
1249.502
1258.1315
1259.8688
1271.981
1269.0223
1267.7927
1271.3038
1269.8403
1261.8383
1259.235
1252.3994
1251.9376
1252.3778
1252.0398
1253.0104
1242.4307
1259.0452
1258.9169
1245.773
1256.6027
1249.9995
1258.9583
1236.3519
1230.7792
1240.5303
1242.1312
1233.0482
1247.77
1257.4296
1260.3309
1264.5288
1255.5798
1257.8395
1258.645
1276.5569
1263.8267
1250.783
1236.919
1245.6868
1234.712
1239.7305
1257.1709
1259.177
1257.4451
1264.0513
1261.6775
1261.9225
1278.8198
1267.4935
1274.8048
1282.146
1273.269
1280.0825
1287.8687
1272.115
1266.1373
1253.3102
1251.8153
1250.7903
1261.3784
1265.0753
1269.433
1271.0259
1272.023
1278.65
1265.0632
1261.6353
1255.7583
1261.9636
1252.4781
1266.1921
1254.7445
1250.7579
1244.1882
1246.8744
1255.1096
1253.3325
1242.4183
1252.8085
1249.6012
1253.1945
1256.6937
1254.0634
1250.8226
1237.8573
1247.4155
1253.4214
1245.4379
1249.2607
1265.4493
1257.9185
1260.732
1264.5298
1261.0444
1256.2512
1253.7184
1254.7776
1260.6942
1272.771
1258.3154
1254.9563
1260.084
1272.709
1272.6199
1271.7051
1257.7728
1262.5483
1258.212
1265.784
1267.6573
1281.0602
1265.2491
1256.8949
1264.3615
1258.7693
1251.6277
1250.8607
1248.2354
1251.2443
1264.8917
1259.5435
1246.5778
1248.4393
1248.8658
1249.439
1251.5397
1237.0269
1242.9081
1254.1294
1246.3566
1253.5416
1265.192
1243.746
1239.5477
1242.6199
1254.5658
1253.0372
1251.8665
1262.1012
1275.8466
1268.7131
1259.8341
1241.355
1256.4724
1263.5159
1261.6436
1254.1105
1256.192
1244.7611
1237.9161
1236.8418
1229.1163
1228.2135
1234.3225
1250.8236
1248.7301
1248.4946
1248.9907
1243.3403
1251.1898
1248.533
1259.9149
1242.6184
1231.7577
1233.2223
1260.9423
1261.8905
1263.4012
1264.5088
1265.0623
1273.4448
1250.931
1250.2855
1250.9312
1252.8889
1269.0967
1276.3746
1280.0511
1272.3112
1275.0156
1277.7068
1268.4999
1252.9712
1255.4052
1252.0995
1252.4115
1249.2574
1258.1401
1248.1516
1260.9176
1227.3978
1229.456
1229.634
1241.1312
1247.4036
1233.4381
1236.4036
1247.088
1249.776
1236.4083
1231.13
1251.2352
1228.0138
1213.2394
1226.7804
1237.5814
1240.7118
1231.3842
1238.9545
1241.751
1241.4591
1238.389
1240.0526
1246.3556
1254.7108
1253.5172
1263.1832
1264.0371
1247.8804
1253.1682
1245.2319
1242.8066
1238.5498
1229.7683
1227.2272
1245.5854
1243.8555
1256.9938
1274.2852
1270.98
1267.3184
1263.9259
1257.428
1252.263
1250.9789
1241.6434
1251.3641
1247.4624
1237.1078
1233.0919
1251.3744
1247.0134
1243.244
1243.1044
1248.2416
1236.1727
1235.2085
1233.8165
1242.0347
1241.7538
1241.1033
1248.608
1247.2924
1251.1991
1264.6416
1237.127
1232.0588
1227.2767
1226.092
1248.0305
1248.6996
1260.0669
1249.9196
1263.5566
1246.7218
1259.265
1261.7383
1260.294
1255.4691
1250.745
1243.4224
1245.0343
1255.3453
1261.1725
1250.0458
1244.4817
1227.2744
1235.1724
1236.8534
1238.7178
1258.7399
1254.8837
1259.899
1249.2361
1229.7983
1247.6282
1244.9773
1237.8385
1243.0238
1254.4882
1263.3007
1248.3004
1247.0176
1231.293
1225.8629
1262.4828
1262.3076
1254.2263
1259.079
1270.1589
1268.119
1275.1855
1270.7661
1265.6741
1259.8033
1243.7048
1237.0156
1243.7192
1232.9158
1231.3584
1226.0317
1223.0084
1233.7864
1240.5283
1243.2736
1238.5883
1231.2164
1234.9176
1232.6243
1226.7197
1227.4257
1231.8733
1228.285
1235.7871
1225.9537
1230.7502
1243.9562
1237.3231
1245.7627
1242.2152
1240.3635
1244.2853
1252.8916
1246.2158
1257.226
1241.016
1253.4811
1258.5671
1261.1926
1252.425
1248.337
1222.8407
1225.2633
1231.2429
1234.4552
1219.3124
1231.5852
1238.088
1242.272
1244.4915
1251.3347
1242.3058
1243.8605
1239.3082
1254.7062
1230.9706
1238.2539
1238.3519
1231.3333
1234.0222
1236.5884
1233.3964
1234.8285
1232.5876
1234.9525
1235.8317
1246.1986
1245.0579
1243.0817
1256.082
1251.8489
1257.1519
1241.4666
1256.6554
1254.9208
1254.6967
1252.5111
1256.5328
1255.49
1260.543
1271.174
1256.4015
1236.5173
1229.3141
1238.4668
1231.0223
1239.4219
1249.1326
1257.2798
1242.1256
1242.3865
1243.748
1243.0983
1235.6178
1250.1013
1243.6205
1246.5055
1247.731
1255.2064
1249.5029
1244.4952
1238.0675
1243.25
1253.9365
1262.6936
1257.7698
1240.2354
1244.2222
1243.9669
1249.4496
-------Best per generation--------
1361.5168
1230.2612
1230.2612
1230.2612
1230.2612
1230.2612
1230.2612
1230.2612
1230.2612
1230.2612
1230.2612
1230.2612
1230.2612
1204.9661
1204.9661
1204.9661
1204.9661
1204.9661
1203.4425
1203.4425
1203.4425
1203.4425
1163.1912
1163.1912
1163.1912
1163.1912
1163.1912
1163.1912
1163.1912
1163.1912
1158.8938
1158.8938
1150.7605
1150.7605
1150.7605
1150.7605
1150.7605
1094.4526
1094.4526
1094.4526
1094.4526
1094.4526
1094.4526
1094.4526
1094.4526
1094.4526
1094.4526
1094.4526
1094.4526
1094.4526
1094.4526
1094.4526
1094.4526
1094.4526
1094.4526
1094.4526
1094.4526
1094.4526
1094.4526
1094.4526
1094.4526
1094.4526
1094.4526
1094.4526
1085.4996
1085.4996
1085.4996
1085.4996
1085.4996
1085.4996
1085.4996
1085.4996
1085.4996
1082.2977
1082.2977
1040.6671
1040.6671
1040.6671
1040.6671
1040.6671
1040.6671
1040.6671
1040.6671
1040.6671
1040.6671
1040.6671
1040.6671
1040.6671
1040.6671
1040.6671
1040.6671
1040.6671
1040.6671
1040.6671
1040.6671
1024.9401
1024.9401
1024.9401
991.83563
991.83563
991.83563
991.83563
991.83563
991.83563
991.83563
991.83563
991.83563
991.83563
991.83563
991.83563
991.83563
991.83563
991.83563
991.83563
991.83563
991.83563
991.83563
991.83563
991.83563
991.83563
991.83563
991.83563
991.83563
991.83563
991.83563
991.83563
991.83563
991.83563
991.83563
991.83563
991.83563
991.83563
933.22437
933.22437
933.22437
933.22437
933.22437
933.22437
933.22437
933.22437
918.5615
916.2792
916.2792
916.2792
916.2792
916.2792
916.2792
916.2792
916.2792
916.2792
916.2792
916.2792
916.2792
912.6296
912.6296
912.6296
912.6296
912.6296
912.6296
912.6296
912.6296
912.6296
912.6296
910.8287
910.8287
910.8287
896.20294
896.20294
896.20294
896.20294
889.1031
889.1031
889.1031
889.1031
889.1031
872.12744
872.12744
872.12744
872.12744
872.12744
872.12744
872.12744
872.12744
872.12744
872.12744
872.12744
872.12744
872.12744
868.1841
868.1841
868.1841
868.1841
865.5172
858.7143
858.7143
858.7143
858.7143
850.3165
850.3165
844.6923
844.6923
844.6923
844.6923
844.6923
844.6923
844.6923
826.24036
816.74225
816.74225
816.74225
816.74225
811.9333
811.9333
811.9333
811.9333
811.9333
811.9333
811.9333
808.64355
802.1484
802.1484
796.47296
796.47296
796.47296
796.47296
796.47296
796.47296
796.47296
796.47296
796.47296
778.6617
773.80334
773.80334
773.80334
770.7072
770.7072
770.7072
765.11835
763.66174
756.2654
756.2654
756.2654
753.50525
727.593
727.593
727.593
727.18256
727.18256
727.18256
727.18256
727.18256
727.18256
727.18256
721.9347
721.9347
721.9347
721.9347
719.5617
719.5617
719.5617
717.4599
717.4599
717.4599
717.4599
717.4599
717.4599
717.4599
710.5915
710.5915
710.5915
710.5915
710.5915
710.5915
708.095
708.095
708.095
708.095
702.8861
702.8861
702.8861
702.8861
700.3896
700.3896
700.3896
700.3896
700.3896
700.3896
700.3896
700.3896
700.3896
700.3896
699.1493
699.1493
699.1493
699.1493
699.1493
699.1493
699.1493
699.1493
697.12885
697.12885
697.12885
697.12885
697.12885
697.12885
697.12885
697.12885
697.12885
697.12885
697.12885
697.12885
697.12885
697.12885
697.12885
697.12885
697.12885
697.12885
697.12885
697.12885
697.12885
697.12885
697.12885
697.12885
697.12885
697.12885
697.12885
697.12885
697.12885
697.12885
697.12885
697.12885
677.55273
677.55273
677.55273
677.55273
677.55273
677.55273
677.55273
677.55273
677.55273
677.55273
677.55273
677.55273
677.55273
677.55273
677.55273
677.55273
677.55273
677.55273
677.55273
677.55273
677.55273
677.55273
677.55273
677.55273
677.55273
677.55273
677.55273
677.55273
677.55273
676.1813
676.1813
676.1813
676.1813
676.1813
676.1813
676.1813
676.1813
676.1813
676.1813
676.1813
676.1813
676.1813
676.1813
676.1813
673.9746
673.9746
673.9746
673.9746
673.9746
673.9746
673.9746
673.9746
673.9746
673.9746
673.9746
673.9746
673.9746
673.9746
673.9746
672.44507
672.44507
672.44507
672.44507
672.44507
672.44507
672.44507
672.44507
672.44507
672.44507
672.44507
672.44507
672.44507
672.44507
672.44507
672.44507
672.44507
672.44507
672.44507
672.44507
672.44507
672.44507
672.44507
672.44507
672.44507
672.44507
672.44507
672.44507
672.44507
672.44507
672.44507
672.44507
672.44507
672.44507
672.44507
672.44507
672.44507
672.44507
672.44507
672.44507
672.44507
672.44507
672.44507
672.44507
672.44507
672.44507
672.44507
672.44507
664.27124
662.9756
662.9756
662.9756
662.9756
662.9756
662.9756
662.9756
662.9756
662.9756
653.84766
653.84766
653.84766
653.84766
653.84766
645.67377
645.67377
645.67377
645.67377
645.67377
645.67377
645.67377
645.67377
645.67377
645.67377
645.67377
645.67377
645.67377
645.67377
645.67377
645.67377
645.67377
645.67377
645.67377
645.67377
645.67377
645.67377
645.67377
645.67377
645.67377
645.67377
645.67377
645.67377
645.67377
645.67377
645.67377
645.67377
645.67377
645.67377
645.67377
645.67377
645.67377
645.67377
645.67377
645.67377
645.67377
645.67377
645.67377
645.67377
645.67377
645.67377
645.67377
645.67377
645.67377
645.67377
645.67377
645.67377
645.67377
645.67377
645.67377
645.67377
645.67377
645.67377
645.67377
645.67377
645.67377
645.67377
645.67377
645.67377
645.67377
645.67377
645.67377
645.67377
645.67377
645.67377
645.67377
645.67377
645.67377
645.67377
645.67377
645.67377
645.67377
645.67377
645.67377
645.67377
645.67377
631.76465
631.76465
631.76465
631.76465
631.76465
631.76465
631.76465
631.76465
631.76465
631.76465
631.76465
631.76465
631.76465
631.76465
631.76465
631.76465
631.76465
631.76465
631.76465
631.76465
631.76465
631.76465
631.76465
631.76465
631.76465
631.76465
631.76465
631.76465
631.76465
631.76465
631.76465
616.46326
616.46326
616.46326
616.46326
616.46326
616.46326
616.46326
616.46326
616.46326
616.46326
616.46326
616.46326
616.46326
605.68066
605.68066
605.68066
605.68066
605.68066
605.68066
605.68066
605.68066
605.68066
605.68066
605.68066
605.68066
605.68066
605.68066
605.68066
605.68066
605.68066
605.68066
605.68066
605.68066
605.68066
605.68066
605.68066
605.68066
605.68066
605.68066
605.68066
605.68066
605.68066
605.68066
605.68066
605.68066
605.68066
605.68066
605.68066
605.68066
605.68066
605.68066
605.68066
605.68066
605.68066
605.68066
605.68066
605.68066
605.68066
605.68066
605.68066
605.68066
605.68066
605.68066
605.68066
605.68066
605.68066
605.68066
605.68066
605.68066
605.68066
605.68066
605.68066
605.68066
605.68066
605.68066
605.68066
605.68066
605.68066
605.68066
605.68066
605.68066
605.68066
605.68066
605.68066
605.68066
605.68066
605.68066
605.68066
605.68066
605.68066
605.68066
605.68066
605.68066
605.68066
605.68066
605.68066
605.68066
605.68066
605.68066
605.68066
605.68066
605.68066
605.68066
605.68066
605.68066
605.68066
589.13617
589.13617
589.13617
589.13617
589.13617
589.13617
589.13617
589.13617
589.13617
589.13617
589.13617
589.13617
589.13617
589.13617
589.13617
589.13617
589.13617
589.13617
589.13617
589.13617
589.13617
581.8479
581.8479
581.8479
581.8479
581.8479
581.8479
581.8479
581.8479
581.8479
581.8479
581.8479
581.8479
581.8479
581.8479
581.8479
581.8479
581.8479
581.8479
581.8479
581.8479
581.8479
581.8479
581.8479
581.8479
581.8479
581.8479
581.8479
581.8479
581.8479
581.8479
581.8479
581.8479
581.8479
581.8479
581.8479
581.8479
581.8479
581.8479
581.8479
581.8479
581.8479
581.8479
581.8479
581.8479
581.8479
581.8479
581.8479
581.8479
581.8479
581.8479
581.8479
581.8479
581.8479
581.8479
581.8479
581.8479
581.8479
581.8479
581.8479
581.8479
581.8479
581.8479
581.8479
581.8479
581.8479
581.8479
581.8479
581.8479
581.8479
581.8479
581.8479
581.8479
581.8479
581.8479
581.8479
581.8479
581.8479
581.8479
581.8479
581.8479
581.8479
581.8479
581.8479
581.8479
581.8479
581.8479
581.8479
581.8479
581.8479
581.8479
581.8479
581.8479
581.8479
581.8479
581.8479
581.8479
581.8479
581.8479
581.8479
581.8479
581.8479
581.8479
581.8479
581.8479
581.8479
581.8479
581.8479
581.8479
581.8479
581.8479
581.8479
581.8479
581.8479
581.8479
581.8479
581.8479
581.8479
581.8479
581.8479
581.8479
581.8479
581.8479
581.8479
581.8479
581.8479
581.8479
581.8479
581.8479
581.8479
581.8479
581.8479
581.8479
581.8479
581.8479
581.8479
578.9284
578.9284
578.9284
578.9284
570.132
570.132
570.132
570.132
570.132
570.132
570.132
570.132
570.132
570.132
570.132
567.2125
567.2125
567.2125
567.2125
567.2125
567.2125
567.2125
567.2125
567.2125
567.2125
567.2125
567.2125
567.2125
567.2125
567.2125
567.2125
567.2125
567.2125
567.2125
567.2125
567.2125
567.2125
567.2125
567.2125
567.2125
567.2125
567.2125
567.2125
567.2125
567.2125
567.2125
567.2125
567.2125
567.2125
567.2125
567.2125
562.81744
562.81744
562.81744
562.81744
562.81744
562.81744
562.81744
562.81744
562.81744
562.81744
561.5798
561.5798
561.5798
561.5798
561.5798
561.5798
557.1847
557.1847
557.1847
557.1847
557.1847
557.1847
557.1847
557.1847
557.1847
557.1847
557.1847
557.1847
557.1847
557.1847
557.1847
557.1847
557.1847
557.1847
557.1847
557.1847
557.1847
557.1847
557.1847
557.1847
557.1847
557.1847
557.1847
557.1847
557.1847
557.1847
557.1847
557.1847
557.1847
557.1847
557.1847
557.1847
557.1847
557.1847
557.1847
557.1847
557.1847
557.1847
557.1847
557.1847
557.1847
557.1847
557.1847
557.1847
557.1847
557.1847
557.1847
557.1847
557.1847
557.1847
557.1847
557.1847
557.1847
557.1847
557.1847
557.1847
557.1847
557.1847
557.1847
557.1847
557.1847
557.1847
557.1847
557.1847
557.1847
557.1847
557.1847
557.1847
557.1847
557.1847
557.1847
557.1847
557.1847
557.1847
557.1847
557.1847
557.1847
557.1847
557.1847
557.1847
557.1847
557.1847
557.1847
557.1847
557.1847
557.1847
557.1847
557.1847
557.1847
557.1847
557.1847
557.1847
557.1847
557.1847
557.1847
557.1847
557.1847
557.1847
557.1847
557.1847
557.1847
557.1847
EOF
