File: test2.txt
------------Properties------------
Number of cities: 51
Number of chromosomes: 1000
Number of generations: 1000
Tournament candidates: 3
Crossover type: UOX with bitmask
Crossover rate: 90%
Mutation type: Inversion
Mutation rate: 10%
--------------Results-------------
Average distance of first generation: 1620.0602
Average distance of last generation: 1217.3373
Best distance of first generation: 1377.0347
Best distance of last generation: 519.3863
------Average per generation------
1620.0602
1585.6582
1570.1515
1559.7545
1551.8026
1543.2786
1543.2572
1537.1104
1530.865
1530.9246
1526.0258
1528.6636
1518.0447
1515.8019
1509.53
1500.6478
1498.4589
1501.9696
1494.7452
1495.674
1493.5149
1498.5833
1491.5537
1490.1311
1482.9718
1490.2416
1492.1006
1490.3617
1489.8785
1482.8646
1480.7853
1475.2731
1472.0763
1481.1913
1481.1241
1481.5142
1473.81
1477.9084
1473.2443
1468.47
1468.5065
1465.1746
1466.4093
1461.7325
1465.3795
1462.4526
1461.9296
1454.3081
1461.7174
1457.0582
1452.8661
1464.1576
1453.6819
1451.4368
1447.6935
1453.1239
1459.0706
1458.3119
1453.5459
1449.1492
1452.5221
1442.9492
1441.3873
1438.2319
1442.3961
1439.4844
1442.5349
1439.0221
1436.6975
1438.988
1431.7825
1435.9739
1432.3839
1436.5974
1434.7333
1428.2987
1428.8507
1430.009
1421.1833
1429.1442
1423.4042
1424.5282
1414.8434
1411.6129
1405.7974
1406.2137
1408.7021
1399.6409
1400.8673
1400.8226
1405.2908
1407.4266
1410.708
1406.6981
1402.495
1413.1141
1414.0813
1406.4602
1400.1986
1405.9463
1395.797
1402.9482
1390.8695
1391.433
1384.914
1384.8627
1386.2335
1382.0524
1388.2721
1380.3821
1399.234
1390.9966
1395.268
1388.1354
1385.7637
1383.2543
1389.3601
1379.6392
1387.4542
1389.9459
1389.0957
1379.1704
1377.4689
1382.2511
1381.9324
1381.6201
1367.72
1370.5726
1372.5311
1376.4431
1380.4896
1380.8613
1378.18
1375.8805
1378.4293
1372.879
1371.606
1372.9572
1364.3544
1359.6339
1374.5706
1371.842
1371.8062
1371.5211
1378.0623
1368.594
1366.9287
1367.1498
1357.7987
1365.9097
1361.4048
1349.5027
1355.3071
1356.754
1354.2249
1347.8832
1350.1001
1357.189
1352.4272
1359.0872
1364.712
1373.576
1355.7858
1359.4583
1357.202
1352.0071
1352.2965
1352.1597
1361.1583
1362.782
1356.4717
1350.9829
1355.2196
1344.0192
1355.3591
1356.829
1349.9744
1349.5046
1350.3579
1348.5736
1339.6351
1337.0093
1340.1982
1340.4329
1340.3296
1338.128
1342.8184
1350.8374
1350.5343
1353.8181
1352.2656
1344.2037
1351.0199
1343.7911
1356.7345
1336.529
1338.0868
1331.814
1337.7559
1341.996
1339.336
1331.4744
1333.2021
1339.3899
1326.782
1313.711
1316.9554
1322.6438
1318.7289
1336.0532
1337.8973
1335.9218
1337.7804
1341.1315
1331.9647
1323.3671
1323.7733
1324.1746
1311.177
1318.0935
1318.2477
1312.6923
1312.51
1316.7338
1316.5964
1321.4512
1324.1584
1310.4832
1314.4624
1327.2091
1333.9639
1333.4518
1338.4299
1317.7911
1327.2217
1332.073
1340.2587
1336.8146
1337.2661
1324.6482
1317.6013
1314.2721
1317.705
1313.009
1303.9413
1310.9756
1311.8252
1309.125
1317.3257
1313.0079
1316.7063
1326.9316
1308.0273
1310.6294
1310.212
1302.5728
1298.0507
1308.4917
1306.8075
1312.4216
1300.9658
1317.4442
1310.1711
1308.699
1306.5194
1312.1051
1308.7954
1296.6338
1287.1478
1298.0205
1281.8873
1296.9392
1291.7814
1303.713
1317.6936
1310.8588
1305.7195
1303.642
1301.4016
1298.7477
1304.6924
1304.9498
1302.7839
1302.7086
1290.9972
1295.1738
1313.4468
1307.3561
1309.9021
1305.4476
1302.6099
1302.1534
1314.0233
1294.2703
1312.52
1302.0477
1299.8868
1287.2777
1299.5552
1287.9792
1288.58
1282.8771
1285.4889
1302.5408
1303.3481
1311.3048
1312.6523
1290.6558
1283.0011
1295.1238
1296.3882
1283.6179
1277.7328
1284.995
1294.0563
1293.9288
1312.067
1310.419
1295.5159
1288.617
1286.669
1289.1094
1280.567
1283.5505
1300.3741
1304.6139
1318.5491
1294.9868
1291.7197
1295.3767
1286.427
1296.0653
1293.992
1301.6985
1297.0725
1303.7145
1309.7435
1296.0822
1290.7471
1307.5259
1300.0596
1289.5774
1275.9231
1288.5518
1294.843
1289.785
1310.9524
1293.1005
1284.2594
1277.273
1285.6395
1282.155
1281.2777
1273.3625
1280.2852
1280.3861
1265.2288
1276.3247
1283.5281
1271.934
1280.0631
1267.8197
1270.1886
1271.817
1269.3475
1259.042
1275.862
1273.8505
1285.2948
1284.05
1278.8173
1278.8046
1274.8969
1282.8005
1280.3687
1280.0955
1270.389
1276.1913
1281.7222
1288.0404
1289.9172
1281.4613
1296.7695
1295.3943
1283.0272
1279.4421
1263.2336
1246.3252
1262.2355
1263.5995
1270.7527
1271.6973
1272.5474
1271.9722
1258.3901
1248.29
1254.0381
1263.4205
1269.0022
1273.356
1275.8453
1266.1523
1273.1969
1261.8606
1268.7737
1280.9803
1281.6216
1274.8496
1266.3368
1270.0887
1264.1461
1267.8647
1271.4955
1250.1995
1259.4833
1277.9626
1267.2969
1267.2606
1265.8838
1272.9464
1276.1083
1265.117
1268.9437
1259.9144
1271.6858
1256.7798
1256.7996
1252.4332
1267.6565
1276.7946
1267.7753
1268.392
1271.957
1277.0151
1275.3972
1288.2102
1291.994
1284.614
1270.0928
1268.9666
1292.1951
1289.271
1286.9637
1272.6141
1272.0647
1273.0085
1277.357
1276.2075
1283.7825
1273.7555
1258.6263
1256.6293
1254.2573
1256.4631
1247.5969
1265.7126
1255.8745
1273.1053
1285.0667
1260.6715
1270.5045
1281.41
1280.3046
1281.0773
1264.1664
1258.1937
1267.588
1268.3243
1277.6765
1265.8785
1256.8104
1265.9001
1251.3822
1278.19
1275.8132
1274.5461
1275.2488
1272.6411
1267.117
1270.7023
1260.1392
1256.8978
1254.058
1236.1179
1250.6095
1266.5634
1258.542
1261.7432
1244.2646
1257.698
1253.9625
1251.8282
1254.0231
1257.6705
1262.2709
1264.1124
1257.3826
1265.4475
1273.11
1289.6069
1277.944
1266.3441
1262.3894
1261.4263
1276.8132
1283.2675
1279.3623
1261.6454
1270.4755
1274.5696
1271.7961
1287.6191
1285.0328
1277.9187
1278.7698
1270.9734
1265.7384
1255.5336
1249.6864
1263.4648
1252.7484
1261.2908
1246.3512
1261.3872
1270.7516
1272.6108
1258.638
1250.3331
1251.4106
1257.5591
1249.205
1253.9266
1274.6726
1264.4385
1266.4873
1244.7216
1256.272
1266.0952
1264.2546
1255.5476
1262.8159
1257.1991
1259.4573
1260.179
1238.6486
1238.896
1240.3336
1260.7959
1247.1176
1255.7219
1247.4385
1257.3335
1259.6914
1254.7614
1265.0925
1269.1908
1246.454
1257.6897
1252.6694
1279.9185
1267.368
1258.9022
1246.8671
1256.1824
1248.0796
1259.2903
1263.0237
1253.0515
1261.7034
1255.0837
1254.081
1238.7235
1247.0961
1238.6406
1249.3748
1249.7997
1239.658
1267.6045
1264.6583
1257.3104
1249.1683
1245.5433
1265.9855
1260.9526
1254.0555
1257.385
1250.727
1258.9563
1276.1365
1281.057
1282.688
1278.2521
1261.4762
1272.6647
1255.2954
1249.1165
1238.6553
1239.4133
1245.3616
1249.9075
1253.4119
1255.3721
1256.6586
1259.5557
1265.5752
1262.6234
1260.9015
1247.1045
1248.2041
1238.6211
1241.2189
1246.4214
1257.2144
1258.8276
1262.2452
1261.6426
1257.9347
1268.6421
1254.215
1257.8523
1271.1338
1276.542
1272.5535
1279.2549
1270.6415
1263.3347
1262.5486
1264.2207
1252.1511
1268.5898
1268.2845
1256.6472
1264.0366
1247.7982
1250.7343
1259.305
1251.5192
1251.1805
1252.0277
1255.0739
1273.8585
1265.1881
1268.8698
1260.2781
1261.1554
1244.4784
1262.2134
1244.5397
1252.1749
1245.9241
1261.1768
1271.2722
1268.8367
1253.7397
1244.97
1227.693
1225.2695
1237.277
1247.1824
1266.2117
1270.4724
1263.8737
1275.3441
1263.4209
1253.9089
1241.9989
1256.633
1261.7898
1259.3613
1255.1525
1254.1625
1263.1624
1248.4902
1261.7306
1251.9486
1258.92
1248.125
1243.4685
1251.6375
1263.0323
1264.3169
1262.757
1260.6625
1264.5393
1268.3728
1266.4902
1254.4298
1257.3485
1250.3918
1255.0537
1253.0613
1264.7373
1260.4327
1275.424
1256.0481
1253.317
1262.7518
1265.0314
1246.7925
1257.8452
1252.2299
1251.8188
1238.1725
1238.9939
1253.0084
1249.7135
1242.4359
1251.1248
1249.3726
1241.7776
1239.914
1246.3734
1238.0531
1232.8418
1238.2756
1240.647
1241.9575
1247.1799
1238.2015
1235.243
1228.8427
1229.9055
1233.0577
1237.8992
1222.2238
1236.216
1234.9069
1237.1498
1240.519
1245.6761
1257.7117
1252.1052
1247.6095
1229.5812
1248.6318
1239.511
1232.018
1226.5669
1226.4935
1220.0962
1221.3364
1237.7343
1236.881
1240.5331
1248.1261
1253.4222
1246.8275
1240.9005
1245.3947
1254.9504
1255.3785
1249.8197
1232.725
1241.4362
1245.1655
1244.3678
1236.7552
1239.8451
1243.2206
1250.6855
1256.0022
1248.4308
1261.1353
1252.6517
1243.3491
1225.4589
1208.4248
1226.9204
1221.0294
1222.8971
1225.9705
1236.5446
1230.0627
1238.457
1231.1738
1236.4329
1249.505
1267.1532
1238.5386
1235.9747
1223.4397
1229.4523
1232.9846
1242.3021
1230.5953
1247.5905
1234.7347
1236.5065
1233.5043
1238.7396
1233.5068
1243.0762
1222.9921
1222.112
1226.9464
1228.3494
1225.3243
1223.8098
1220.08
1228.9896
1219.6694
1206.5276
1219.891
1222.8838
1224.4742
1231.3691
1231.8387
1221.8329
1222.781
1212.3231
1224.2228
1225.7515
1227.8778
1228.7794
1219.8423
1221.6685
1226.3798
1231.1193
1231.7488
1230.9048
1231.6499
1223.4955
1234.2993
1231.7687
1232.6643
1226.7596
1245.7225
1220.466
1204.8822
1207.6871
1213.6177
1204.4166
1219.418
1193.6064
1215.3016
1218.9421
1218.6001
1225.0867
1237.7415
1215.1549
1224.1404
1212.2847
1218.2609
1229.214
1214.7626
1221.7317
1229.0093
1239.7026
1215.8557
1220.8402
1229.1075
1232.7794
1242.185
1220.8679
1207.8116
1223.8173
1210.3475
1224.3032
1230.6448
1214.7167
1206.361
1207.8154
1224.8105
1219.7975
1221.985
1211.3268
1217.9781
1222.1564
1219.4211
1209.6005
1216.4147
1218.4
1235.6985
1234.4281
1234.9326
1218.6906
1224.6682
1227.1886
1230.8633
1237.9875
1251.7695
1241.7067
1226.8694
1218.2861
1211.7609
1225.4478
1231.0847
1234.9958
1229.1287
1218.814
1201.9257
1193.8457
1201.5205
1212.7748
1212.7343
1217.52
1224.2434
1231.5844
1233.4473
1220.3335
1221.8492
1225.6324
1221.931
1219.3647
1202.7295
1205.735
1208.0839
1229.7645
1233.8297
1215.1238
1224.8855
1216.4832
1219.6393
1213.945
1215.6787
1211.498
1232.1858
1218.6317
1208.8309
1198.0331
1198.1873
1205.5134
1209.7042
1224.701
1219.0288
1202.9208
1212.705
1206.5093
1213.941
1236.8972
1230.5157
1233.898
1228.1526
1234.6597
1222.8561
1221.6638
1205.3278
1211.7847
1192.0775
1199.6305
1200.8608
1208.5035
1209.603
1229.7644
1227.7501
1201.7195
1219.2457
1219.8821
1224.7444
1225.5771
1228.5065
1231.1412
1223.3448
1224.97
1217.341
1220.6833
1208.4825
1207.2587
1213.2753
1221.0833
1240.5259
1243.6677
1238.6031
1232.6237
1223.1688
1236.196
1238.4069
1218.8641
1216.8948
1207.6654
1210.3188
1206.6748
1202.1638
1206.4489
1210.1302
1203.579
1211.8662
1212.3395
1222.2433
1216.6913
1217.9214
1242.7156
1239.6976
1232.7518
1227.7537
1223.4277
1208.0367
1205.4294
1203.3574
1209.097
1208.3162
1211.2383
1214.9098
1209.031
1235.5658
1245.0927
1229.7681
1225.189
1217.2993
1217.3373
-------Best per generation--------
1377.0347
1320.3324
1281.2703
1281.2703
1281.2703
1281.2703
1281.2703
1281.2703
1281.2703
1281.2703
1281.2703
1281.2703
1268.6741
1268.6741
1268.6741
1268.6741
1268.6741
1268.6741
1268.6741
1230.2883
1230.2883
1230.2883
1230.2883
1230.2883
1230.2883
1230.2883
1230.2883
1219.4291
1219.4291
1197.9674
1197.9674
1197.9674
1197.9674
1197.9674
1197.9674
1197.9674
1184.1696
1184.1696
1184.1696
1173.2255
1173.2255
1148.3568
1148.3568
1148.3568
1148.3568
1148.3568
1148.3568
1148.3568
1148.3568
1148.3568
1148.3568
1148.3568
1148.3568
1148.3568
1148.3568
1141.0066
1124.5979
1124.5979
1124.5979
1124.5979
1124.5979
1118.1512
1118.1512
1118.1512
1106.8458
1106.8458
1106.8458
1067.429
1067.429
1038.3013
1038.3013
1038.3013
1038.3013
1038.3013
1038.3013
1038.3013
1038.3013
1038.3013
1038.3013
1038.3013
1038.3013
1038.3013
1038.3013
1038.3013
1038.3013
1035.7561
1035.7561
1030.4943
982.9401
982.9401
982.9401
982.9401
982.9401
982.9401
982.9401
982.9401
982.9401
982.9401
982.9401
982.9401
982.9401
982.9401
982.06036
982.06036
982.06036
982.06036
973.5885
959.97064
944.9309
944.9309
944.9309
944.9309
944.9309
944.9309
944.9309
944.9309
944.9309
944.9309
944.9309
944.9309
944.9309
944.9309
944.9309
944.9309
928.4807
928.4807
928.4807
928.4807
928.4807
928.4807
928.4807
928.4807
928.4807
928.4807
924.8071
924.8071
924.8071
921.4089
921.4089
909.61804
909.35986
909.35986
909.35986
909.35986
909.35986
909.35986
909.35986
909.35986
908.26276
907.68414
890.49713
890.49713
890.49713
880.6787
880.6787
880.6787
880.6787
880.6787
880.6787
880.6787
880.6787
880.6787
880.6787
880.6787
880.6787
880.6787
880.6787
880.6787
870.0137
870.0137
870.0137
870.0137
870.0137
870.0137
870.0137
870.0137
870.0137
870.0137
870.0137
865.8043
865.8043
865.8043
865.8043
861.5216
861.5216
860.49036
860.49036
860.49036
860.49036
843.1163
843.1163
843.1163
843.1163
831.8935
831.8935
831.8935
831.8935
831.8935
831.8935
831.8935
831.8935
831.8935
831.8935
831.8935
831.8935
831.77234
819.48975
819.48975
819.48975
819.48975
817.0191
817.0191
817.0191
817.0191
817.0191
817.0191
817.0191
817.0191
817.0191
817.0191
817.0191
817.0191
815.64777
815.64777
799.82104
799.82104
791.47974
791.47974
791.47974
791.47974
791.47974
791.47974
791.47974
791.47974
791.47974
791.47974
791.47974
791.47974
791.47974
791.47974
791.47974
773.75604
773.75604
773.75604
773.75604
773.75604
773.75604
773.75604
773.2826
773.2826
773.2826
765.13104
765.13104
765.13104
765.13104
765.13104
765.13104
765.13104
765.13104
765.13104
765.13104
765.13104
765.13104
765.13104
764.2843
764.2843
764.2843
764.2316
764.2316
764.2316
757.36505
757.36505
744.35706
744.35706
744.35706
744.35706
744.35706
744.35706
744.35706
744.35706
744.35706
744.35706
744.35706
744.35706
744.35706
744.35706
719.1869
719.1869
719.1869
719.1869
719.1869
719.1869
719.1869
719.1869
719.1869
719.1869
719.1869
719.1869
719.1869
719.1869
719.1869
718.9188
718.9188
718.9188
714.07336
714.07336
714.07336
714.07336
714.07336
711.42084
711.42084
711.42084
711.42084
711.42084
711.42084
706.8497
706.8497
706.8497
706.8497
706.8497
706.8497
706.8497
706.8497
706.8497
706.8497
706.8497
706.8497
697.87085
697.87085
697.87085
697.87085
697.87085
695.61584
695.61584
695.61584
695.61584
695.61584
695.61584
695.61584
695.61584
695.61584
695.61584
695.61584
695.61584
695.61584
695.61584
695.61584
685.9813
685.9813
685.9813
685.9813
682.0658
682.0658
682.0658
682.0658
682.0658
682.0658
682.0658
682.0658
682.0658
682.0658
682.0658
682.0658
682.0658
681.8261
680.81744
677.9126
673.2749
673.2749
673.2749
673.2749
673.2749
673.2749
673.2749
673.2749
673.2749
673.2749
673.2749
673.2749
673.2749
673.2749
673.2749
673.2749
673.2749
673.2749
673.2749
667.56757
667.56757
667.56757
667.56757
667.56757
667.56757
667.56757
666.9559
666.9559
666.9559
666.9559
666.9559
665.54956
665.54956
665.54956
665.54956
665.54956
665.54956
665.54956
665.54956
665.54956
665.54956
665.54956
665.54956
664.48737
664.48737
664.48737
664.48737
664.48737
664.48737
664.48737
661.8783
661.8783
661.8783
661.8783
661.8783
661.8783
661.8783
661.8783
660.33417
660.33417
660.33417
660.33417
660.33417
660.33417
660.33417
660.33417
660.33417
655.57227
655.57227
655.57227
655.57227
653.67816
653.67816
653.67816
653.67816
653.67816
653.67816
650.9821
650.9821
650.9821
650.9821
650.9821
650.9821
650.9821
650.9821
650.9821
650.9821
650.9821
650.9821
650.9821
650.9821
650.9821
650.9821
650.9821
650.9821
650.9821
650.9821
650.9821
650.9821
650.9821
650.9821
650.9821
649.2221
649.2221
649.2221
649.2221
648.3453
641.55396
641.55396
641.55396
641.55396
641.55396
641.55396
641.55396
641.55396
641.55396
634.2218
634.2218
634.2218
634.2218
634.2218
634.2218
634.2218
634.2218
634.2218
634.2218
634.2218
634.2218
634.2218
634.2218
634.2218
634.2218
634.2218
634.2218
634.2218
634.2218
634.2218
634.2218
634.2218
634.2218
634.2218
634.2218
634.2218
634.2218
634.2218
634.2218
634.2218
634.2218
634.2218
634.2218
634.2218
634.2218
634.2218
634.2218
634.2218
634.2218
634.2218
634.2218
634.2218
634.2218
634.2218
634.2218
634.2218
631.58496
631.58496
631.58496
631.58496
631.58496
631.58496
631.58496
625.3067
625.3067
625.3067
625.3067
625.3067
625.3067
625.3067
625.3067
625.3067
625.3067
625.3067
625.3067
625.3067
625.3067
625.3067
625.3067
625.3067
625.3067
625.3067
625.3067
625.3067
625.3067
625.3067
625.3067
625.3067
625.3067
625.3067
625.3067
625.3067
625.3067
625.3067
625.3067
625.3067
625.3067
625.3067
625.3067
625.3067
625.3067
625.3067
625.3067
625.3067
625.3067
625.3067
625.3067
625.3067
625.3067
625.3067
625.3067
625.3067
625.3067
625.3067
625.3067
625.3067
625.3067
625.3067
625.3067
625.3067
625.3067
625.3067
625.3067
625.3067
625.3067
625.3067
625.3067
625.3067
625.3067
625.3067
625.3067
622.66986
622.66986
622.66986
622.66986
622.66986
622.66986
622.66986
622.66986
622.66986
622.66986
622.66986
622.66986
622.66986
622.66986
618.6265
618.6265
618.6265
618.6265
618.6265
618.6265
618.6265
618.6265
618.6265
618.6265
618.6265
618.6265
618.6265
618.6265
618.6265
618.6265
618.6265
618.6265
618.6265
618.6265
618.6265
618.6265
618.6265
618.6265
618.6265
618.6265
618.6265
618.6265
618.6265
618.6265
618.6265
618.6265
618.6265
618.6265
618.6265
618.6265
618.6265
618.6265
618.6265
613.4141
613.4141
613.4141
613.4141
613.4141
613.4141
613.4141
613.4141
613.4141
613.4141
613.4141
613.4141
613.4141
613.4141
613.4141
613.4141
613.4141
613.4141
613.4141
613.4141
613.4141
613.4141
608.98987
608.98987
608.98987
604.92755
604.92755
604.92755
604.92755
589.7319
589.7319
589.7319
589.7319
589.7319
589.7319
589.7319
589.7319
589.7319
589.7319
589.7319
589.7319
589.7319
589.7319
589.7319
589.7319
589.7319
589.7319
589.7319
589.7319
589.7319
589.7319
589.7319
589.7319
589.7319
589.7319
589.7319
589.7319
589.7319
589.7319
585.2269
585.2269
585.2269
585.2269
581.9534
581.9534
581.9534
581.9534
581.9534
581.9534
581.9534
581.9534
581.9534
581.9534
581.9534
581.9534
581.9534
581.9534
581.9534
581.9534
581.9534
581.9534
581.9534
581.9534
581.9534
580.58325
580.58325
580.58325
580.58325
580.58325
580.58325
580.58325
580.58325
580.58325
580.58325
580.58325
580.58325
580.58325
580.58325
580.58325
580.58325
580.58325
572.2957
572.2957
572.2957
572.2957
572.2957
572.2957
572.2957
572.2957
572.1465
572.1465
572.1465
559.0232
559.0232
553.38617
553.38617
553.38617
553.38617
553.38617
553.38617
553.38617
553.38617
553.38617
553.38617
553.38617
553.38617
553.38617
553.38617
553.38617
553.38617
553.38617
553.38617
553.38617
553.38617
553.38617
553.38617
553.38617
553.38617
553.38617
553.38617
553.38617
553.38617
553.38617
553.38617
553.38617
553.38617
553.38617
540.7118
540.7118
540.7118
540.7118
540.7118
540.7118
540.7118
540.7118
540.7118
540.7118
540.7118
540.7118
540.7118
540.7118
540.7118
540.7118
540.7118
540.7118
540.7118
540.7118
540.7118
540.7118
540.7118
540.7118
540.7118
532.2751
532.2751
532.2751
532.2751
532.2751
532.2751
532.2751
532.2751
532.2751
532.2751
532.2751
532.2751
532.2751
532.2751
532.2751
532.2751
531.42267
531.42267
531.42267
531.42267
531.42267
531.42267
531.42267
531.42267
531.42267
531.42267
531.42267
531.42267
531.42267
531.42267
531.42267
531.42267
531.42267
531.42267
531.42267
531.42267
531.42267
531.42267
531.42267
531.42267
531.42267
531.42267
531.42267
531.42267
531.42267
531.42267
531.42267
531.42267
531.42267
530.26416
530.26416
530.26416
530.26416
530.26416
530.26416
530.26416
530.26416
530.26416
530.26416
530.26416
530.26416
530.26416
530.26416
530.26416
530.26416
530.26416
530.26416
530.26416
530.26416
530.26416
530.26416
530.26416
530.26416
530.26416
530.26416
530.26416
530.26416
530.26416
530.26416
530.26416
530.26416
530.26416
530.26416
530.26416
530.26416
525.162
525.162
525.162
525.162
525.162
525.162
525.162
525.162
525.162
525.162
525.162
525.162
525.162
525.162
525.162
525.162
525.162
525.162
525.162
525.162
525.162
525.162
525.162
525.162
525.162
525.162
525.162
525.162
525.162
525.162
525.162
525.162
525.162
525.162
525.162
525.162
523.1668
523.1668
523.1668
523.1668
523.1668
523.1668
523.1668
523.1668
523.1668
523.1668
523.1668
523.1668
523.1668
523.1668
523.1668
523.1668
523.1668
523.1668
523.1668
523.1668
523.1668
523.1668
523.1668
519.3863
519.3863
519.3863
519.3863
519.3863
519.3863
519.3863
519.3863
519.3863
519.3863
519.3863
519.3863
519.3863
519.3863
519.3863
519.3863
519.3863
519.3863
519.3863
519.3863
519.3863
519.3863
519.3863
519.3863
519.3863
519.3863
EOF
