File: test2.txt
------------Properties------------
Number of cities: 51
Number of chromosomes: 1000
Number of generations: 1000
Tournament candidates: 3
Crossover type: PMX
Crossover rate: 90%
Mutation type: Inversion
Mutation rate: 10%
--------------Results-------------
Average distance of first generation: 1618.6315
Average distance of last generation: 1253.7616
Best distance of first generation: 1329.3848
Best distance of last generation: 446.19086
------Average per generation------
1618.6315
1589.8748
1574.8276
1565.9712
1559.9489
1558.5955
1559.7534
1551.9486
1555.7177
1547.2905
1545.0485
1545.8341
1545.7797
1547.6436
1545.0557
1539.9126
1542.831
1540.0767
1539.6501
1538.8445
1538.2222
1541.6704
1537.4955
1534.2778
1537.5289
1540.0779
1534.3429
1535.7074
1534.1093
1533.1012
1528.3268
1535.0802
1539.5243
1530.1672
1534.4894
1531.0464
1528.7076
1527.52
1528.9067
1527.8119
1530.6332
1529.4264
1522.3965
1523.5886
1524.0927
1520.3065
1522.6711
1522.9832
1523.1692
1524.2715
1518.3713
1516.3472
1517.0525
1518.2686
1519.728
1515.9387
1515.6106
1512.2423
1511.034
1511.0021
1510.2205
1509.2445
1508.0323
1510.178
1514.6818
1514.4496
1508.4395
1514.2156
1515.9116
1512.8751
1516.1892
1513.1329
1517.0299
1516.7822
1510.8694
1513.8635
1514.7358
1513.7168
1515.5662
1515.87
1509.4082
1506.8367
1508.0038
1505.6512
1511.8276
1508.318
1510.6497
1510.4109
1505.1569
1504.582
1508.094
1505.9227
1507.1947
1508.0582
1507.267
1503.3348
1496.6008
1503.6569
1500.2927
1503.0365
1501.269
1499.5906
1503.5411
1497.5979
1491.9207
1491.995
1497.4062
1499.9584
1496.8599
1496.8114
1495.3387
1497.6212
1493.1715
1495.5847
1497.1268
1493.0399
1503.1927
1492.681
1495.344
1494.0358
1493.1262
1497.978
1495.4272
1487.3816
1489.8827
1493.9302
1490.7605
1488.0784
1476.8373
1489.3988
1487.3219
1487.7922
1486.3525
1483.3297
1480.5077
1482.3461
1483.4843
1483.748
1486.2345
1487.1301
1482.9666
1483.4641
1478.7308
1473.1694
1467.7983
1478.9573
1468.3079
1467.3982
1470.2218
1469.8827
1464.7786
1461.474
1465.4819
1463.4773
1465.9265
1460.1488
1457.0686
1463.7046
1455.0044
1464.3558
1460.9617
1457.2432
1462.6488
1458.5514
1456.2174
1460.3947
1460.681
1455.7667
1443.6836
1446.127
1448.0077
1449.9576
1449.2866
1451.3176
1447.2498
1443.7893
1441.9252
1440.3241
1439.5999
1440.7294
1446.807
1449.5316
1437.2648
1446.7102
1439.2324
1432.3551
1433.381
1432.0483
1438.4767
1436.6604
1443.027
1438.225
1443.5677
1437.5216
1434.072
1436.9791
1432.1394
1437.2136
1437.1212
1438.5557
1446.17
1441.0138
1435.6714
1443.1971
1436.169
1437.5195
1429.318
1432.2391
1428.7839
1420.908
1424.192
1418.9213
1417.6392
1413.8005
1408.2546
1400.4783
1402.2286
1395.3458
1393.9252
1405.302
1411.7203
1409.5715
1409.6215
1410.9999
1420.7124
1418.7106
1419.2555
1415.375
1414.775
1413.5126
1397.9977
1402.4517
1397.055
1382.9761
1395.6127
1401.9073
1398.081
1394.1404
1388.3445
1384.7899
1386.4674
1391.541
1397.2689
1388.7935
1379.9832
1378.4735
1375.012
1378.1151
1379.8757
1385.618
1383.7183
1371.3772
1379.6064
1372.3026
1370.9065
1381.46
1376.5587
1373.3892
1365.1366
1370.2324
1375.9083
1383.6647
1373.8698
1365.5428
1367.9827
1367.3824
1366.3927
1365.0271
1358.7329
1359.6108
1356.0823
1352.1124
1338.2166
1349.7876
1344.5536
1354.3112
1357.9362
1364.9982
1347.6394
1348.0931
1354.0339
1357.7417
1358.6704
1349.8247
1355.433
1356.778
1351.9222
1333.5706
1352.7501
1347.908
1345.4995
1332.6979
1340.0591
1342.1316
1330.9692
1325.4045
1338.9376
1341.1622
1341.8228
1342.9568
1348.2491
1351.9087
1346.4385
1328.5403
1326.8499
1327.4208
1335.2305
1337.326
1335.5356
1317.6274
1321.833
1318.2932
1321.3296
1314.3809
1309.095
1315.7241
1316.0708
1327.391
1325.3103
1317.3546
1313.2738
1313.0718
1306.0432
1309.739
1307.2323
1321.3678
1326.1667
1321.4696
1312.636
1304.3624
1308.6095
1305.0839
1305.6279
1312.6301
1312.5929
1301.562
1293.9786
1310.5662
1315.7128
1304.0964
1322.9294
1317.5591
1321.0237
1318.8014
1323.2496
1319.2573
1327.7089
1331.122
1326.4366
1317.1786
1324.1923
1327.9883
1323.0228
1321.8895
1317.27
1312.8119
1304.1007
1306.6976
1316.0332
1330.4667
1320.674
1317.3308
1302.0848
1306.1821
1301.5961
1302.9811
1305.0223
1303.0742
1300.0383
1286.9385
1303.1932
1289.3259
1289.4182
1288.3538
1288.6907
1308.1915
1292.231
1303.3074
1303.416
1298.6836
1305.9178
1306.4487
1300.3827
1312.7294
1304.5968
1305.4564
1306.9902
1294.8196
1291.4802
1297.3981
1300.4901
1305.763
1312.6866
1310.3683
1305.9568
1296.9817
1290.1104
1307.1875
1310.6389
1302.8717
1308.7146
1295.5637
1290.8998
1284.3553
1288.9502
1290.5043
1281.5012
1262.2618
1275.5167
1265.4749
1273.8751
1264.7769
1273.5588
1270.9231
1286.5779
1292.9705
1301.8103
1312.2769
1301.0803
1280.8303
1291.6987
1285.7037
1276.7034
1260.6803
1255.7471
1263.3956
1249.9132
1262.8878
1289.6389
1307.3405
1294.2598
1287.6566
1281.8231
1278.1302
1272.7478
1290.7455
1279.3438
1267.4354
1278.9119
1289.3396
1272.5586
1273.5879
1287.7877
1297.4998
1283.6171
1290.7292
1280.8816
1273.2715
1285.5872
1276.7788
1272.0867
1289.713
1289.1406
1285.4852
1279.7008
1279.1951
1278.5732
1282.5625
1258.1853
1263.1837
1262.1461
1259.2491
1243.583
1250.2632
1251.1116
1271.4786
1273.0453
1275.0374
1280.6154
1288.1727
1289.2677
1275.6825
1274.9926
1276.5264
1289.1617
1279.2623
1276.7079
1293.2806
1297.8136
1288.8856
1296.0894
1288.7915
1277.7638
1270.5854
1277.0052
1282.8746
1307.3746
1300.0302
1314.4003
1311.3108
1315.5153
1307.8502
1296.1024
1285.2544
1275.817
1279.0541
1275.1287
1289.322
1291.5514
1280.4271
1271.8878
1265.9192
1271.0504
1274.2402
1282.5851
1281.4058
1282.8838
1279.5647
1278.6594
1266.7906
1276.7771
1289.8003
1284.4009
1283.9832
1279.2887
1286.4303
1281.8973
1278.6539
1282.1593
1268.2294
1251.7797
1262.6205
1261.8713
1278.2383
1267.3068
1266.5637
1255.2407
1279.5884
1276.5785
1277.0735
1277.1144
1271.5565
1277.1133
1270.3998
1263.6377
1279.3746
1263.4369
1261.6829
1262.8792
1250.468
1250.691
1240.5679
1245.8263
1258.7003
1244.203
1257.6803
1265.6573
1275.0376
1274.4153
1270.9177
1252.3662
1248.033
1253.597
1262.5881
1261.2007
1262.6598
1281.128
1280.377
1274.8229
1261.8053
1257.129
1253.5201
1252.1655
1253.0205
1277.2792
1279.412
1278.077
1270.5419
1276.16
1261.879
1264.6155
1250.7421
1253.8019
1252.1763
1256.8531
1262.9835
1262.0095
1260.7664
1274.0636
1264.2068
1269.0741
1257.8107
1267.1166
1256.6642
1248.0718
1241.7894
1247.582
1256.4756
1262.584
1253.2603
1258.4604
1266.938
1260.735
1246.7246
1242.1093
1237.9559
1255.3754
1257.6338
1263.5801
1254.0514
1265.303
1267.0071
1267.5245
1272.2092
1277.5632
1279.6255
1271.8783
1265.0781
1267.6494
1263.8037
1242.5824
1240.1715
1233.7323
1238.552
1257.4541
1258.3124
1264.0852
1275.8434
1287.2445
1295.1
1272.0448
1278.6503
1262.9393
1266.5116
1262.5017
1271.1799
1256.9841
1263.065
1256.0112
1247.5521
1252.8063
1259.2831
1262.1774
1250.5336
1263.0516
1251.6628
1251.8173
1257.309
1254.6471
1265.644
1257.5592
1255.1774
1242.6653
1256.6584
1245.5369
1254.6653
1249.4243
1256.821
1267.8059
1261.7142
1259.1855
1258.4061
1261.8705
1274.5942
1264.188
1272.8805
1279.1835
1300.7844
1295.205
1293.0397
1285.2637
1290.9673
1282.9467
1267.4154
1267.3695
1280.562
1279.6647
1292.6829
1289.7499
1265.4331
1263.8264
1261.9014
1251.6378
1258.4694
1256.2814
1266.7828
1265.5612
1257.1195
1263.0161
1267.5964
1269.8627
1263.1682
1280.1182
1266.067
1269.9075
1266.9551
1267.1294
1265.9894
1256.6646
1251.6803
1250.7533
1239.3993
1249.3512
1266.2722
1270.5483
1260.472
1257.1897
1245.3046
1235.7825
1253.4106
1236.7189
1244.0973
1246.2026
1241.271
1247.1508
1244.6122
1259.5199
1266.2744
1264.0438
1269.958
1268.4113
1260.6263
1265.9696
1242.5924
1251.63
1250.5201
1243.6763
1241.1857
1233.5919
1241.1066
1252.2786
1253.3467
1255.9062
1252.2781
1232.904
1237.0858
1255.939
1253.5123
1251.3798
1251.638
1241.1135
1261.5345
1254.215
1256.5369
1253.8112
1256.075
1261.0121
1271.9587
1266.1395
1252.6698
1228.475
1239.406
1245.061
1248.4841
1245.367
1257.2772
1252.8472
1250.1481
1246.1191
1258.1886
1265.6099
1251.5358
1258.0092
1252.8254
1255.749
1256.3285
1242.818
1256.6294
1246.4072
1267.0104
1269.2793
1265.1935
1268.5691
1249.7483
1250.1512
1258.1439
1261.5858
1266.3088
1277.188
1264.3411
1247.1421
1257.7583
1246.6367
1247.9553
1229.5966
1244.1533
1239.7366
1249.4817
1243.9427
1239.416
1247.5719
1247.7808
1245.0042
1246.2429
1262.0308
1251.6132
1251.7783
1261.6361
1255.5387
1238.3347
1243.3915
1261.0222
1247.1082
1255.5197
1255.0018
1270.6807
1280.8347
1276.5248
1263.2017
1254.7273
1259.5593
1267.5405
1264.554
1261.4982
1268.5027
1250.336
1252.8074
1279.7291
1281.4203
1284.4938
1269.2198
1271.4658
1284.2183
1277.6206
1272.2394
1281.848
1281.1305
1287.4872
1273.5496
1251.0394
1256.0714
1249.5336
1243.1146
1243.2145
1258.0045
1270.4619
1276.026
1261.0972
1245.921
1249.5658
1242.4958
1237.0438
1265.2888
1272.1913
1260.3677
1264.624
1255.4835
1256.0919
1249.3818
1241.2937
1242.3138
1236.4031
1240.638
1237.276
1251.3873
1252.8284
1260.839
1244.6758
1260.5536
1260.171
1259.0261
1276.8481
1279.1096
1267.633
1259.333
1265.3646
1265.5527
1268.1111
1263.4696
1240.171
1239.8046
1254.9127
1248.941
1255.9253
1254.7782
1243.7573
1263.6521
1262.4205
1258.2579
1248.153
1247.5319
1250.843
1234.756
1256.4569
1267.22
1258.8008
1261.6886
1265.5565
1277.1334
1273.4454
1264.4663
1252.6108
1240.636
1252.636
1254.6075
1247.4034
1234.8491
1239.6777
1246.9706
1247.3542
1261.4801
1251.6503
1255.7261
1255.3701
1239.1964
1251.9344
1236.4891
1234.7148
1250.7426
1243.9823
1239.111
1243.1794
1257.1735
1253.0583
1259.6199
1232.7191
1235.8743
1242.9004
1242.7435
1243.3977
1259.9965
1245.2513
1251.3384
1232.1594
1238.1924
1232.2628
1233.1565
1218.5453
1210.3635
1219.9597
1225.4061
1222.1409
1220.1582
1219.0677
1233.9496
1226.6913
1226.1398
1224.1459
1231.7385
1244.21
1234.3245
1249.8955
1256.282
1266.8923
1256.685
1251.68
1240.1913
1234.4575
1242.3009
1251.6415
1246.8252
1231.6635
1240.0879
1247.9587
1231.3843
1246.4446
1262.8558
1255.6364
1243.2133
1237.2212
1224.5759
1232.1554
1241.2238
1225.9448
1245.063
1249.0153
1237.8405
1229.6261
1229.2798
1226.3136
1229.9862
1228.6733
1236.3513
1231.4056
1227.1293
1236.7468
1235.6876
1249.2256
1261.8243
1253.2465
1235.6808
1247.9056
1243.1616
1237.0952
1238.3646
1237.4053
1232.7446
1233.0228
1230.9513
1234.3855
1220.0493
1223.6069
1224.3029
1233.5822
1234.4216
1239.5465
1242.5299
1247.5782
1241.8704
1241.0897
1249.9757
1253.256
1246.7594
1251.6844
1248.8912
1237.5488
1237.8859
1247.7759
1258.5939
1253.7616
-------Best per generation--------
1329.3848
1287.6343
1287.6343
1287.6343
1287.6343
1287.6343
1275.3744
1275.3744
1275.3744
1275.3744
1261.1068
1198.1663
1198.1663
1198.1663
1198.1663
1198.1663
1198.1663
1198.1663
1198.1663
1198.1663
1198.1663
1198.1663
1198.1663
1198.1663
1198.1663
1198.1663
1198.1663
1198.1663
1198.1663
1184.3706
1184.3706
1184.3706
1184.3706
1184.3706
1184.3706
1146.5964
1146.5964
1146.5964
1146.5964
1146.5964
1146.5964
1146.5964
1146.5964
1146.5964
1146.5964
1146.5964
1146.5964
1099.9141
1099.9141
1099.9141
1099.9141
1099.9141
1099.9141
1099.9141
1099.9141
1099.9141
1099.9141
1099.9141
1099.9141
1099.9141
1099.9141
1099.9141
1099.9141
1099.9141
1099.9141
1099.9141
1099.9141
1099.9141
1099.9141
1099.9141
1099.9141
1099.9141
1099.9141
1099.9141
1099.9141
1099.9141
1099.9141
1099.9141
1099.9141
1099.9141
1099.9141
1099.9141
1099.9141
1099.9141
1099.9141
1099.9141
1099.9141
1081.0413
1081.0413
1081.0413
1081.0413
1081.0413
1081.0413
1081.0413
1067.4418
1067.4418
1067.4418
1067.4418
1067.4418
1067.4418
1067.4418
1067.4418
1067.4418
1067.4418
1067.4418
1067.4418
1067.4418
1067.4418
1067.4418
1062.4136
1062.4136
1062.4136
1062.4136
1062.4136
1062.4136
1062.4136
1062.4136
1062.4136
1062.4136
1062.4136
1062.4136
1062.4136
1062.4136
1062.4136
1062.4136
1062.4136
1062.4136
1062.4136
1062.4136
1052.0216
1052.0216
1052.0216
1044.5454
1044.5454
1044.5454
1044.5454
1039.9235
1039.9235
1039.9235
1039.9235
1039.9235
1039.9235
1039.9235
1039.9235
1039.9235
1017.8181
1017.8181
1017.8181
1017.8181
990.9721
990.9721
963.164
963.164
963.164
963.164
963.164
963.164
963.164
963.164
963.164
963.164
963.164
963.164
963.164
958.4329
958.4329
958.4329
958.4329
924.7094
924.7094
924.7094
924.7094
924.7094
924.7094
924.7094
924.7094
924.7094
924.7094
924.7094
920.7909
917.71716
917.71716
917.71716
917.71716
917.71716
917.71716
917.71716
917.71716
917.71716
917.71716
917.71716
917.71716
917.71716
917.71716
917.71716
917.71716
917.71716
917.71716
917.71716
917.71716
917.71716
902.6414
890.0878
890.0878
890.0878
890.0878
890.0878
890.0878
872.13275
872.13275
872.13275
872.13275
872.13275
872.13275
872.13275
872.13275
872.13275
872.13275
872.13275
872.13275
872.13275
872.13275
872.13275
841.6932
841.6932
841.6932
800.7739
800.7739
800.7739
800.7739
800.7739
800.7739
800.7739
800.7739
800.7739
800.7739
800.7739
800.7739
800.7739
800.7739
789.3526
789.3526
789.3526
789.3526
789.08386
789.08386
747.90356
747.90356
747.90356
747.90356
747.90356
747.90356
747.90356
747.90356
747.90356
747.90356
747.90356
747.90356
747.90356
747.90356
747.90356
747.90356
747.90356
747.90356
747.90356
740.617
740.617
740.617
739.9576
739.9576
720.963
720.963
720.963
720.963
720.963
710.7702
710.7702
710.7702
710.7702
710.7702
710.7702
710.7702
710.7702
710.7702
710.7702
710.7702
710.40265
710.40265
710.40265
710.40265
710.40265
707.4335
706.8175
706.8175
697.2095
697.2095
697.2095
697.2095
697.2095
691.31323
691.31323
691.31323
691.31323
691.31323
691.31323
691.31323
691.31323
691.31323
691.31323
691.31323
691.31323
674.804
671.82404
671.82404
671.82404
671.82404
671.82404
671.82404
671.82404
665.9302
665.9302
665.9302
665.9302
664.2985
664.2985
664.2985
664.2985
664.2985
662.7994
662.7994
662.7994
662.7994
662.7994
662.7994
662.7994
662.7994
662.7994
662.7994
662.7994
662.7994
662.7994
641.4978
641.4978
641.4978
641.4978
641.4978
641.4978
641.4978
641.4978
641.4978
641.4978
641.34705
641.34705
641.34705
641.34705
641.34705
641.34705
641.34705
641.34705
641.1499
641.1499
627.23883
627.23883
627.23883
627.23883
627.23883
627.23883
627.23883
624.9684
624.9684
624.8176
624.8176
624.8176
624.8176
619.67365
619.67365
619.67365
619.67365
613.7978
608.28845
608.28845
608.28845
608.28845
607.80365
607.80365
607.80365
607.80365
607.80365
607.80365
596.8608
596.8608
596.8608
596.8608
596.8608
596.8608
596.8608
596.8608
596.8608
596.8608
596.8608
596.8608
596.8608
596.8608
596.8608
596.8608
593.43506
593.43506
593.43506
593.43506
593.43506
593.43506
593.43506
593.43506
593.43506
593.43506
593.43506
593.43506
593.43506
593.43506
593.0872
593.0872
581.0537
581.0537
581.0537
581.0537
581.0537
581.0537
581.0537
581.0537
581.0537
581.0537
581.0537
581.0537
581.0537
581.0537
581.0537
581.0537
581.0537
581.0537
581.0537
581.0537
581.0537
581.0537
581.0537
581.0537
581.0537
581.0537
581.0537
581.0537
580.7681
580.7681
580.7681
580.7681
580.7681
580.7681
576.9559
576.9559
576.9559
576.9559
576.9559
576.9559
576.9559
576.7735
576.7735
576.7735
575.3079
575.3079
575.3079
572.2844
572.2844
572.2844
572.2844
571.2879
571.2879
571.2879
565.8277
565.8277
565.8277
565.8277
565.8277
565.8277
565.8277
565.8277
565.8277
565.8277
565.8277
565.8277
565.8277
565.8277
565.8277
565.8277
562.483
562.483
562.483
562.483
559.7915
559.7915
559.7915
559.7915
559.7915
559.4128
559.4128
559.4128
559.4128
559.4128
559.4128
559.4128
559.4128
559.4128
559.4128
559.4128
559.4128
559.4128
546.52594
546.52594
546.52594
546.52594
546.52594
546.52594
546.52594
545.4824
545.4824
543.45575
543.45575
543.45575
543.45575
543.45575
543.45575
543.45575
543.45575
543.3041
543.3041
539.90234
539.90234
539.90234
539.90234
539.90234
539.90234
539.90234
539.90234
539.90234
539.90234
539.90234
539.90234
539.90234
539.90234
538.71686
538.71686
538.71686
536.9631
535.3151
535.3151
535.3151
535.3151
535.3151
535.3151
535.3151
535.3151
535.3151
535.3151
535.3151
535.3151
535.3151
535.3151
535.3151
535.3151
535.3151
535.3151
535.3151
535.3151
535.3151
535.3151
535.3151
535.3151
535.3151
535.3151
535.3151
535.3151
535.3151
535.3151
535.3151
535.3151
535.3151
535.3151
530.49493
530.49493
530.49493
530.49493
530.49493
530.49493
530.49493
530.49493
530.49493
530.49493
530.4837
530.4837
530.4837
530.4837
530.4837
530.4837
530.4837
530.4837
530.4837
530.4837
530.4837
530.4837
530.4837
530.4837
530.4837
530.4837
530.4837
530.4837
530.4837
530.4837
530.4837
530.4837
530.4837
530.4837
525.00385
525.00385
525.00385
525.00385
525.00385
525.00385
525.00385
525.00385
525.00385
525.00385
525.00385
525.00385
525.00385
525.00385
523.5475
523.5475
523.5475
523.5475
523.5475
523.5475
523.5475
523.5475
523.5475
523.5475
523.5475
523.5475
523.5475
523.5475
523.5475
523.5475
523.5475
523.5475
523.5475
523.5475
523.5475
523.5475
523.5475
523.5475
523.5475
520.524
520.524
520.524
520.524
520.524
510.57465
510.57465
510.57465
510.57465
510.57465
510.57465
510.57465
510.57465
510.57465
510.57465
509.1183
509.1183
509.1183
509.1183
509.1183
509.1183
509.1183
506.09476
506.09476
506.09476
506.09476
506.09476
506.09476
506.09476
506.09476
506.09476
506.09476
506.09476
506.09476
506.09476
506.09476
506.09476
506.09476
506.09476
506.09476
506.09476
506.09476
506.09476
506.09476
506.09476
506.09476
506.09476
506.09476
506.09476
506.09476
506.09476
506.09476
506.09476
506.09476
506.09476
506.09476
506.09476
506.09476
506.09476
506.09476
506.09476
506.09476
506.09476
504.60614
504.60614
504.60614
504.60614
504.60614
504.60614
504.60614
504.60614
504.60614
502.5764
502.5764
502.5764
502.5764
502.5764
502.5764
502.5764
502.5764
502.5764
502.5764
502.5764
502.5764
502.5764
502.5764
502.5764
502.5764
502.5764
502.5764
502.5764
500.19577
500.19577
500.19577
500.19577
500.19577
500.19577
500.19577
500.19577
500.19577
500.19577
500.19577
500.19577
500.19577
500.19577
500.19577
500.19577
500.19577
500.19577
498.3207
498.3207
498.3207
498.3207
498.3207
498.3207
498.3207
498.3207
498.3207
498.3207
498.3207
498.3207
498.3207
498.3207
498.3207
498.3207
498.3207
498.3207
498.3207
498.3207
498.3207
498.3207
498.3207
498.3207
498.3207
498.3207
489.01837
489.01837
489.01837
489.01837
489.01837
489.01837
489.01837
489.01837
489.01837
489.01837
489.01837
489.01837
489.01837
489.01837
489.01837
489.01837
489.01837
489.01837
489.01837
489.01837
489.01837
489.01837
489.01837
489.01837
489.01837
489.01837
489.01837
489.01837
489.01837
489.01837
489.01837
489.01837
485.9153
485.9153
485.9153
485.9153
485.9153
482.10532
482.10532
482.10532
482.10532
482.10532
482.10532
482.10532
482.10532
482.10532
482.10532
482.10532
482.10532
482.10532
482.10532
482.10532
482.10532
482.10532
479.00226
479.00226
479.00226
479.00226
479.00226
479.00226
479.00226
479.00226
478.75516
478.75516
478.75516
478.75516
478.75516
478.75516
478.75516
478.75516
478.75516
478.75516
475.6521
472.89508
472.89508
472.89508
472.89508
472.89508
472.89508
472.89508
472.89508
472.89508
469.79202
469.79202
469.79202
469.79202
469.79202
469.79202
469.79202
469.79202
469.79202
469.79202
469.79202
469.79202
469.79202
469.79202
467.92755
467.92755
467.92755
467.92755
467.56775
467.56775
467.56775
467.56775
467.56775
467.56775
467.56775
467.56775
467.56775
467.56775
467.56775
467.56775
467.56775
467.56775
461.00113
461.00113
461.00113
461.00113
461.00113
461.00113
461.00113
461.00113
461.00113
461.00113
461.00113
461.00113
461.00113
461.00113
461.00113
461.00113
461.00113
461.00113
461.00113
461.00113
461.00113
461.00113
461.00113
461.00113
461.00113
461.00113
461.00113
461.00113
461.00113
461.00113
457.91016
457.91016
457.91016
457.91016
455.5562
455.5562
455.5562
455.5562
455.5562
455.5562
455.5562
452.46524
452.46524
452.46524
452.46524
452.46524
452.46524
452.46524
452.46524
452.46524
452.46524
452.46524
452.46524
452.46524
452.46524
452.46524
452.46524
452.46524
452.46524
452.46524
452.46524
452.46524
452.46524
452.46524
452.46524
452.46524
452.46524
452.46524
452.46524
452.46524
452.46524
452.46524
452.46524
452.46524
452.46524
452.46524
452.46524
452.46524
452.46524
452.46524
452.46524
452.46524
452.46524
452.46524
452.46524
452.46524
452.46524
452.46524
452.46524
452.46524
452.46524
452.46524
446.19086
446.19086
EOF
