File: test2.txt
------------Properties------------
Number of cities: 51
Number of chromosomes: 1000
Number of generations: 1000
Tournament candidates: 3
Crossover type: PMX
Crossover rate: 90%
Mutation type: Scramble
Mutation rate: 10%
--------------Results-------------
Average distance of first generation: 1619.6774
Average distance of last generation: 1295.6427
Best distance of first generation: 1319.0626
Best distance of last generation: 581.2218
------Average per generation------
1619.6774
1586.2029
1573.5063
1566.9171
1565.541
1558.3561
1554.8064
1555.5021
1551.2869
1555.4338
1551.0944
1548.9185
1548.4363
1549.6161
1547.2786
1545.774
1545.0624
1536.8165
1534.8834
1534.5074
1539.9252
1525.9358
1526.1085
1528.0017
1527.8676
1527.0509
1525.3181
1524.2817
1525.9076
1520.4893
1522.6827
1520.2229
1517.6122
1521.5062
1519.0862
1520.3694
1516.8291
1514.4728
1515.0344
1512.3859
1513.319
1510.3628
1504.8293
1507.4138
1504.5627
1505.7521
1499.5378
1504.2716
1504.2246
1501.9415
1502.1106
1501.9054
1505.7053
1507.9755
1507.8033
1501.8268
1500.3328
1500.8123
1492.1187
1501.5211
1496.4641
1490.6935
1496.3345
1490.2139
1487.285
1486.5249
1491.0431
1485.4304
1483.115
1483.8955
1480.4976
1481.5073
1477.9906
1481.3081
1483.1881
1474.0643
1478.8691
1474.1613
1475.0511
1479.8767
1477.7725
1481.7714
1473.0382
1471.7069
1472.8506
1472.2195
1471.9443
1474.8951
1472.3461
1469.8716
1473.243
1472.8486
1464.4718
1462.2285
1463.8068
1457.4614
1456.2015
1456.6505
1459.5243
1455.7571
1464.3435
1469.8815
1463.632
1460.0514
1461.2101
1460.6073
1452.5907
1460.6053
1463.2546
1451.5288
1449.1526
1447.8392
1448.3839
1445.6636
1454.4073
1447.3468
1445.9447
1441.7368
1445.7748
1445.7616
1457.21
1456.0375
1456.619
1454.3933
1450.1759
1451.2552
1447.1632
1444.9419
1445.1177
1445.6764
1447.6635
1443.8453
1441.1367
1436.1045
1434.4882
1435.9963
1438.985
1442.7292
1430.5056
1428.0826
1431.0087
1425.4498
1428.3077
1432.3816
1430.7114
1430.0372
1432.6279
1433.2948
1436.2279
1432.9772
1432.3436
1428.1063
1423.6095
1421.7064
1425.2029
1418.354
1412.9554
1416.9556
1413.1256
1418.415
1420.3461
1419.8975
1407.486
1412.9697
1403.4987
1407.3278
1410.1963
1397.8363
1406.2407
1412.0785
1411.9745
1419.3821
1418.6472
1420.4279
1420.6671
1415.7836
1414.4473
1416.8494
1409.6018
1407.359
1408.0919
1400.6946
1405.3348
1401.1118
1389.6741
1382.1279
1396.1725
1386.9528
1385.5293
1399.3024
1407.3419
1391.0289
1392.4583
1389.4985
1378.0676
1382.0292
1379.4352
1383.7291
1377.869
1364.9971
1368.8983
1380.7683
1385.235
1386.0663
1386.3616
1375.5815
1372.6395
1372.5135
1374.4789
1360.4801
1371.9746
1368.1896
1363.5568
1362.3798
1358.8044
1364.6324
1375.5508
1382.1168
1378.3514
1372.2184
1374.4232
1369.8783
1368.8704
1366.9988
1360.6334
1372.1145
1370.5411
1376.5773
1370.7654
1370.2324
1351.4572
1368.0251
1370.8549
1381.1367
1363.0524
1372.315
1360.086
1359.3367
1364.4136
1360.6975
1367.821
1363.1488
1363.16
1353.7867
1356.0642
1352.0038
1361.567
1357.0342
1362.8514
1356.3043
1357.1245
1356.6176
1360.5863
1341.3156
1349.464
1352.9004
1360.5939
1361.2412
1365.434
1374.4634
1372.1146
1365.8942
1368.3053
1372.7512
1374.083
1372.7936
1364.9652
1355.1476
1350.5013
1351.8353
1350.852
1357.804
1365.8273
1362.3269
1353.9353
1352.2864
1348.296
1351.6285
1350.4731
1340.9602
1349.3215
1358.0975
1348.2601
1348.8971
1347.0038
1342.5499
1344.5825
1353.5504
1355.2643
1356.7017
1361.9512
1344.5614
1346.1025
1333.5248
1336.5374
1338.8948
1339.9854
1354.6709
1342.7395
1338.2214
1333.1545
1341.8208
1336.3765
1320.7954
1329.2582
1326.4998
1344.238
1343.2473
1349.4976
1349.57
1363.9104
1355.6595
1349.9279
1344.8448
1335.0684
1322.8024
1330.8772
1335.4379
1328.3223
1326.9933
1329.1896
1329.5251
1332.214
1345.135
1327.4437
1331.3372
1331.3811
1336.7925
1333.018
1317.2949
1325.7012
1332.0499
1327.3066
1329.1423
1333.5344
1330.8193
1320.7219
1332.4249
1331.6635
1327.5852
1330.8646
1327.8853
1332.0791
1331.3213
1326.0936
1331.7866
1339.2001
1333.3618
1336.6046
1330.0258
1315.0626
1324.2859
1326.087
1316.3186
1330.7661
1319.2933
1307.2888
1315.1118
1319.463
1314.815
1317.2311
1318.7001
1311.7805
1320.1075
1320.6833
1323.5425
1317.6232
1322.7568
1315.9823
1330.61
1330.2585
1321.3926
1319.5588
1311.899
1324.2775
1322.5922
1312.9459
1285.9237
1293.4844
1284.6289
1299.8032
1290.694
1283.3678
1281.3917
1289.0028
1292.7715
1294.5496
1300.987
1286.3894
1287.1414
1301.5748
1307.918
1306.19
1295.7479
1295.7814
1297.7356
1293.6982
1302.5737
1295.0725
1298.0458
1308.043
1307.3977
1295.3425
1305.6394
1298.096
1290.1989
1293.2711
1286.2725
1291.6743
1303.5187
1313.4465
1315.5232
1313.8204
1305.4574
1302.1794
1306.6836
1299.9008
1306.106
1306.3326
1306.8123
1320.4061
1310.9813
1306.0343
1323.5068
1323.3427
1298.4314
1298.4381
1305.606
1300.6353
1307.6289
1305.7991
1311.5577
1287.9937
1296.8335
1305.6372
1290.3309
1293.2954
1288.5992
1285.1866
1289.7043
1289.9796
1305.6066
1297.5774
1295.3514
1300.9784
1309.085
1302.894
1306.8585
1294.8884
1302.9008
1303.8519
1310.0782
1282.6406
1282.4666
1293.3235
1299.752
1306.8534
1304.2167
1312.7231
1311.4242
1318.3339
1315.8273
1306.7653
1298.4844
1296.719
1304.515
1310.1798
1294.823
1302.698
1299.8948
1305.413
1309.5502
1295.9698
1297.2258
1294.7473
1276.053
1299.1906
1306.5054
1310.4691
1289.7292
1310.0044
1287.1368
1306.7161
1308.3445
1307.7565
1309.6625
1316.5378
1317.7395
1298.9343
1301.4734
1283.0692
1283.578
1289.2406
1280.0656
1278.7874
1270.8658
1278.7115
1279.0432
1289.1921
1310.3082
1314.3356
1301.8994
1294.4441
1300.6501
1290.9374
1279.385
1298.1897
1278.5222
1277.8853
1271.9421
1294.739
1290.0742
1290.8416
1296.8915
1311.0613
1312.1107
1312.3884
1314.9381
1307.4159
1299.618
1285.0463
1271.3198
1283.8798
1279.7683
1276.4375
1256.7461
1277.873
1281.9388
1296.5167
1294.6698
1298.0636
1283.2319
1282.6332
1300.242
1302.8191
1309.7639
1293.5925
1282.2281
1291.7959
1297.858
1292.7836
1288.0353
1286.8756
1290.2466
1287.325
1286.7349
1281.7223
1288.6721
1286.402
1307.7786
1298.4124
1294.0667
1308.1177
1320.8262
1306.5847
1308.4146
1309.1029
1301.3623
1315.1614
1310.3223
1304.8392
1301.6366
1307.0074
1298.9509
1291.5084
1299.1791
1305.6948
1287.2886
1287.8208
1282.022
1288.2137
1283.7134
1288.4623
1270.2065
1268.6792
1280.7666
1268.6316
1287.0304
1294.8202
1296.4501
1292.7959
1292.7979
1296.5575
1299.0997
1296.0518
1289.4843
1287.8942
1280.0217
1287.6283
1278.8833
1290.8021
1308.666
1304.715
1286.4213
1301.9761
1298.4559
1298.949
1282.6403
1274.5283
1266.0707
1288.5137
1296.9404
1280.3232
1285.8766
1297.4178
1286.3939
1294.2865
1287.9491
1306.5183
1298.6489
1302.1854
1298.8649
1304.8989
1302.6647
1306.6897
1296.6554
1287.3396
1284.9685
1293.2554
1306.468
1306.2585
1306.1488
1303.7173
1284.1752
1284.1787
1277.917
1290.0339
1287.481
1283.8829
1285.254
1295.2051
1294.6415
1305.5945
1298.7473
1291.0624
1293.9587
1294.0792
1311.3903
1313.8242
1299.3197
1296.2842
1293.0543
1285.3901
1277.7017
1268.0663
1275.6018
1274.6168
1289.6128
1299.9847
1296.8486
1272.9808
1280.5002
1285.8564
1284.5834
1266.544
1273.3265
1267.3959
1264.0018
1275.3461
1264.5405
1270.0001
1283.3782
1288.082
1296.3684
1286.5138
1283.793
1290.6287
1284.1929
1268.4443
1291.982
1291.0172
1285.0529
1286.8492
1285.7224
1276.9109
1296.2008
1291.4526
1289.9332
1290.5073
1297.7205
1287.308
1290.4069
1286.9443
1284.4799
1278.4977
1263.9658
1284.2671
1286.028
1284.7711
1287.4125
1269.7867
1284.3435
1295.4427
1279.3291
1298.567
1285.9022
1281.6035
1283.7491
1299.2677
1293.473
1282.2911
1273.5597
1270.9746
1277.8118
1282.2615
1276.5835
1290.913
1288.0499
1276.8132
1274.5631
1267.1235
1262.4285
1266.1088
1284.7772
1284.9047
1272.4281
1279.7072
1286.84
1294.1282
1286.4073
1286.0385
1293.8594
1280.6938
1290.3995
1296.8898
1303.1024
1304.8987
1302.2142
1308.8716
1294.9543
1289.1707
1303.2433
1304.643
1309.3274
1300.275
1291.6298
1286.2251
1282.0968
1295.4558
1297.1024
1297.2561
1294.9092
1299.1101
1310.2712
1308.01
1296.6514
1292.264
1285.3041
1286.5037
1289.1079
1289.7058
1318.9033
1316.2952
1298.8385
1293.5698
1284.4462
1298.0548
1280.3478
1286.3629
1271.9124
1286.3093
1288.4504
1296.6952
1286.9564
1298.2284
1296.9843
1300.9961
1298.2012
1299.8301
1282.16
1278.0231
1279.7202
1276.77
1289.9868
1287.9813
1286.6086
1295.1575
1295.9939
1291.3534
1289.7268
1289.9281
1295.429
1288.1438
1293.7079
1288.6964
1286.7738
1298.2229
1286.8868
1304.2212
1287.6975
1292.5583
1292.0618
1303.6517
1290.1372
1282.955
1290.8145
1288.4199
1279.674
1282.6373
1289.6514
1297.027
1292.7637
1300.992
1298.3779
1305.6902
1290.3024
1289.2827
1288.8856
1298.457
1307.9342
1296.4382
1283.4554
1292.3282
1278.9391
1292.3378
1293.7236
1290.8607
1280.7161
1286.4027
1303.995
1290.5529
1280.8596
1280.0225
1283.6636
1284.6229
1282.2205
1286.8302
1268.8013
1269.7456
1276.3143
1273.9016
1293.8545
1299.2141
1295.1593
1290.8452
1295.9547
1293.3079
1291.4203
1298.3922
1288.4872
1296.9476
1290.4885
1296.6742
1294.2017
1285.0347
1286.3783
1304.7446
1307.6058
1299.4049
1295.9271
1294.4325
1285.3997
1287.0183
1297.0449
1298.1576
1292.7495
1280.4412
1304.6477
1297.9655
1273.9104
1293.6028
1280.0356
1275.4146
1271.7614
1271.0844
1281.5612
1286.5161
1282.4531
1294.5559
1302.165
1287.552
1293.5405
1298.8655
1288.7471
1293.5088
1307.6342
1300.1171
1290.4836
1292.2513
1306.2362
1304.6201
1293.788
1296.1881
1293.9293
1282.5236
1269.0579
1265.2009
1282.8453
1267.807
1271.0835
1269.0876
1277.4758
1277.6912
1299.4363
1294.0704
1294.5646
1278.611
1285.0101
1301.1177
1289.7665
1283.446
1290.7441
1293.2753
1288.6844
1293.5183
1303.5018
1292.9657
1289.9316
1283.1671
1294.509
1286.196
1285.4219
1280.1609
1289.5444
1282.7023
1280.6676
1287.463
1280.4895
1296.7856
1294.8004
1286.0604
1284.7539
1284.1412
1270.7612
1278.1108
1278.8162
1279.3499
1264.9329
1273.3701
1260.2698
1269.1168
1276.6205
1287.291
1273.4135
1276.854
1283.5922
1288.2336
1298.3374
1307.2972
1305.2445
1284.7754
1288.4576
1291.4021
1293.948
1288.743
1278.3605
1282.2533
1289.2915
1282.844
1278.9469
1286.182
1303.5853
1308.5757
1300.2705
1290.7385
1304.7576
1311.187
1302.0468
1303.8365
1297.931
1290.9923
1298.6846
1295.647
1300.8541
1286.8109
1292.2401
1296.0831
1293.3705
1285.779
1278.632
1283.116
1285.236
1286.1426
1287.7018
1289.32
1286.5173
1294.3444
1291.1726
1265.289
1262.3488
1271.4067
1267.6283
1271.7434
1293.7917
1280.017
1278.9961
1276.889
1277.7792
1290.425
1281.5964
1287.5269
1292.8221
1292.1066
1296.6913
1292.4745
1283.1493
1274.1675
1290.114
1295.7281
1295.6427
-------Best per generation--------
1319.0626
1280.2435
1280.2435
1280.2435
1280.2435
1280.2435
1280.2435
1280.2435
1280.2435
1274.9756
1270.9264
1262.3749
1232.4453
1232.4453
1173.7161
1173.7161
1173.7161
1173.7161
1173.7161
1173.7161
1173.7161
1173.7161
1173.7161
1173.7161
1147.5184
1147.5184
1147.5184
1147.5184
1147.5184
1147.5184
1147.5184
1147.5184
1147.5184
1147.5184
1125.6759
1125.6759
1125.6759
1125.6759
1125.6759
1125.6759
1125.6759
1125.6759
1125.6759
1125.6759
1125.6759
1125.6759
1120.0767
1120.0767
1120.0767
1120.0767
1120.0767
1120.0767
1120.0767
1113.247
1113.247
1113.247
1113.247
1113.247
1073.9626
1073.9626
1073.9626
1073.9626
1073.9626
1073.9626
1073.9626
1073.9626
1073.9626
1073.9626
1073.5088
1018.541
1006.93286
1006.93286
1006.93286
1006.93286
1006.93286
1006.93286
1006.93286
1006.93286
1006.93286
1006.93286
1006.93286
1006.93286
1006.93286
1006.93286
1006.93286
1006.93286
1006.93286
1006.93286
1006.93286
1006.93286
1006.93286
1006.93286
1006.93286
1006.93286
1006.93286
1006.93286
1006.93286
1006.93286
1006.93286
1006.93286
1006.93286
1006.93286
1006.93286
1006.93286
1006.93286
1006.93286
923.5736
923.5736
923.5736
923.5736
923.5736
923.5736
923.5736
923.5736
923.5736
923.5736
923.5736
923.5736
923.5736
923.5736
923.5736
923.5736
923.5736
923.5736
923.5736
923.5736
923.5736
923.5736
923.5736
923.5736
923.5736
923.5736
923.5736
923.5736
923.5736
923.5736
923.5736
923.5736
923.5736
923.5736
923.5736
923.5736
923.5736
923.5736
912.86084
912.86084
912.86084
912.86084
912.86084
912.86084
912.86084
912.86084
904.4917
904.4917
901.56274
901.56274
887.0963
887.0963
887.0963
887.0963
887.0963
887.0963
887.0963
887.0963
887.0963
887.0963
887.0963
887.0963
886.4847
886.4847
869.2969
869.2969
869.2969
869.2969
869.2969
860.266
860.266
858.55475
858.55475
858.55475
858.55475
858.55475
858.55475
855.7882
855.7882
854.66754
854.66754
853.44727
846.9279
846.9279
846.9279
846.9279
846.9279
846.9279
841.94525
837.97675
837.97675
837.97675
837.97675
837.97675
837.97675
837.97675
837.97675
837.97675
837.97675
833.1551
833.1551
828.4704
828.4704
828.4704
828.4704
828.4704
828.4704
828.4704
826.1687
826.1687
825.4164
825.4164
825.4164
825.4164
825.4164
825.4164
821.85394
820.3021
805.87305
805.87305
805.87305
805.87305
805.87305
805.87305
805.87305
805.87305
796.47327
796.47327
796.47327
786.6579
786.6579
786.6579
777.1738
777.1738
760.06213
760.06213
760.06213
760.06213
760.06213
760.06213
760.06213
760.06213
760.06213
760.06213
760.06213
760.06213
760.06213
760.06213
760.06213
760.06213
760.06213
747.48193
747.48193
747.48193
722.94904
722.94904
722.94904
722.94904
722.94904
722.94904
722.94904
722.94904
722.94904
722.94904
722.94904
722.94904
722.94904
722.94904
722.94904
722.94904
722.94904
722.94904
722.94904
722.94904
722.94904
720.03485
720.03485
720.03485
720.03485
720.03485
720.03485
720.03485
720.03485
720.03485
720.03485
720.03485
720.03485
720.03485
719.7452
719.7452
719.7452
719.7452
707.0244
707.0244
703.5411
703.5411
703.5411
703.5411
703.5411
703.5411
703.5411
703.5411
703.5411
703.5411
703.5411
703.5411
696.995
696.995
696.995
695.1606
695.1606
695.1606
695.1606
695.1606
695.1606
695.1606
695.1606
690.7003
690.7003
686.3974
686.3974
686.3974
686.3974
679.8513
679.8513
679.8513
679.8513
679.8513
679.8513
679.35846
677.65735
677.65735
677.65735
677.65735
677.65735
677.65735
664.9591
664.9591
664.9591
664.9591
664.9591
664.9591
664.9591
664.9591
664.9591
664.9591
664.9591
664.9591
664.9591
664.9591
664.9591
664.02905
664.02905
664.02905
664.02905
664.02905
664.02905
664.02905
664.02905
664.02905
657.4459
657.4459
655.2693
655.2693
655.2693
655.2693
655.2693
655.2693
655.2693
655.2693
653.31714
653.31714
653.31714
653.31714
653.31714
653.31714
653.31714
653.31714
650.1522
650.1522
650.1522
650.1522
645.75165
645.75165
645.75165
645.75165
645.75165
642.5867
642.5867
642.5867
642.5867
642.5867
642.5867
636.35034
636.35034
636.35034
636.35034
636.35034
636.35034
636.35034
630.80493
630.80493
630.80493
630.80493
630.80493
630.80493
630.80493
630.80493
630.80493
622.188
622.188
622.188
622.188
622.188
622.188
622.188
622.188
622.188
622.188
622.188
622.188
622.188
622.188
622.188
622.188
622.188
622.188
622.188
622.188
622.188
619.9773
619.9773
619.9773
619.9773
619.9773
619.9773
619.9773
619.9773
619.9773
619.9773
619.9773
619.9773
619.9773
619.9773
619.9773
619.9773
619.9773
619.9773
619.9773
619.9773
619.9773
619.9773
618.46954
618.46954
618.46954
618.46954
618.46954
618.46954
618.46954
618.46954
618.46954
618.46954
618.46954
618.46954
618.46954
618.46954
618.46954
618.46954
618.46954
618.46954
618.46954
618.46954
618.46954
618.46954
618.46954
618.46954
618.46954
618.46954
618.46954
618.46954
618.46954
618.46954
618.46954
618.46954
618.46954
618.46954
618.46954
618.46954
617.6041
617.6041
617.6041
617.6041
617.6041
617.6041
617.6041
617.6041
617.6041
617.6041
617.6041
617.6041
617.6041
617.6041
617.6041
617.6041
617.6041
617.6041
617.6041
617.6041
617.6041
617.6041
617.6041
617.6041
617.6041
617.6041
617.6041
617.6041
617.6041
617.6041
617.6041
617.6041
617.6041
617.6041
617.6041
617.6041
617.6041
617.6041
617.6041
617.6041
617.6041
617.6041
617.6041
617.6041
617.6041
617.6041
617.6041
617.29254
617.29254
617.29254
617.29254
617.29254
617.29254
617.29254
617.29254
617.29254
617.29254
617.29254
617.29254
617.29254
617.29254
617.29254
617.29254
617.29254
617.29254
617.29254
617.29254
617.29254
617.29254
614.3405
614.3405
614.3405
614.3405
614.3405
614.3405
614.3405
614.3405
614.3405
614.02893
614.02893
614.02893
614.02893
614.02893
614.02893
614.02893
614.02893
614.02893
614.02893
614.02893
614.02893
614.02893
614.02893
614.02893
614.02893
614.02893
614.02893
614.02893
614.02893
614.02893
614.02893
614.02893
614.02893
614.02893
610.4317
610.4317
610.4317
605.8572
605.8572
605.8572
605.8572
605.8572
605.8572
605.8572
605.8572
605.8572
605.8572
605.8572
605.8572
605.8572
605.8572
605.8572
605.8572
605.8572
605.8572
605.3995
605.3995
600.1267
600.1267
600.1267
600.1267
600.1267
600.1267
600.1267
600.1267
600.1267
600.1267
600.1267
600.1267
600.1267
600.1267
600.1267
600.1267
600.1267
600.1267
600.1267
600.1267
600.1267
600.1267
600.1267
600.1267
600.1267
600.1267
600.1267
600.1267
600.1267
600.1267
600.1267
600.1267
600.1267
600.1267
600.1267
600.1267
600.1267
600.1267
600.1267
600.1267
600.1267
600.1267
600.1267
600.1267
600.1267
600.1267
600.1267
600.1267
600.1267
600.1267
600.1267
600.1267
600.1267
600.1267
600.1267
600.1267
600.1267
600.1267
600.1267
600.1267
600.1267
600.1267
600.1267
600.1267
600.1267
600.1267
600.1267
600.1267
600.1267
600.1267
600.1267
600.1267
600.1267
600.1267
600.1267
600.1267
600.1267
600.1267
600.1267
600.1267
600.1267
600.1267
600.1267
600.1267
600.1267
600.1267
600.1267
600.1267
600.1267
600.1267
600.1267
600.1267
600.1267
600.1267
600.1267
600.1267
600.1267
600.1267
600.1267
600.1267
600.1267
600.1267
600.1267
600.1267
600.1267
596.4055
596.4055
596.4055
596.4055
596.4055
596.4055
596.4055
596.4055
596.4055
596.4055
596.4055
596.4055
596.4055
596.4055
596.4055
596.4055
596.4055
596.4055
596.4055
596.4055
596.4055
596.4055
596.4055
596.4055
596.4055
596.4055
596.4055
596.4055
596.4055
596.4055
596.4055
596.4055
596.4055
596.4055
596.4055
596.4055
596.4055
596.4055
596.4055
596.4055
596.4055
596.4055
596.4055
596.4055
596.4055
596.4055
596.4055
596.4055
596.4055
596.4055
596.4055
596.4055
596.4055
596.4055
596.4055
596.4055
596.4055
596.4055
596.4055
596.4055
596.4055
596.4055
596.4055
596.4055
596.4055
596.4055
596.4055
596.4055
596.4055
596.4055
596.4055
596.4055
596.4055
596.4055
596.4055
596.4055
596.4055
596.4055
596.4055
596.4055
596.4055
596.4055
596.4055
596.4055
596.4055
596.4055
596.4055
596.4055
596.4055
596.4055
596.4055
596.4055
596.4055
596.4055
596.4055
596.4055
596.4055
596.4055
596.4055
596.4055
596.4055
596.4055
596.4055
596.4055
596.4055
596.4055
596.4055
596.4055
596.4055
596.4055
596.4055
596.4055
596.4055
596.4055
596.4055
596.4055
596.4055
596.4055
596.4055
596.4055
596.4055
596.4055
596.4055
596.4055
596.4055
596.4055
596.4055
596.4055
596.4055
596.4055
596.4055
596.4055
596.4055
596.4055
596.4055
596.4055
596.4055
596.4055
596.4055
596.4055
596.4055
596.4055
596.4055
596.4055
596.4055
596.4055
596.4055
596.4055
596.4055
594.7698
594.7698
594.7698
594.7698
594.7698
594.7698
594.7698
594.7698
594.7698
594.7698
594.7698
594.7698
594.7698
594.7698
586.9887
586.9887
586.9887
586.9887
586.9887
586.9887
586.9887
585.35297
585.35297
585.35297
585.35297
585.35297
585.35297
585.35297
585.35297
585.35297
585.35297
585.35297
585.35297
585.35297
585.35297
585.35297
585.35297
585.35297
585.35297
585.35297
585.35297
585.35297
585.35297
585.35297
585.35297
585.35297
585.35297
585.35297
584.7787
584.7787
584.7787
584.7787
584.7787
584.7787
584.7787
584.7787
584.7787
584.7787
584.7787
584.7787
584.7787
584.7787
584.7787
584.7787
582.79987
582.79987
582.2256
582.2256
582.2256
582.2256
582.2256
582.2256
582.2256
582.2256
582.2256
582.2256
582.2256
582.2256
582.2256
582.2256
582.2256
582.2256
582.2256
582.2256
582.2256
582.2256
582.2256
582.2256
582.2256
582.2256
582.2256
582.2256
582.2256
582.2256
582.2256
582.2256
582.2256
582.2256
582.2256
582.2256
582.2256
582.2256
582.2256
582.2256
582.2256
582.2256
582.2256
581.9876
581.9876
581.9876
581.9876
581.9876
581.2218
581.2218
581.2218
581.2218
581.2218
581.2218
581.2218
581.2218
581.2218
581.2218
581.2218
581.2218
581.2218
581.2218
EOF
