File: test2.txt
------------Properties------------
Number of cities: 51
Number of chromosomes: 1000
Number of generations: 1000
Tournament candidates: 3
Crossover type: UOX with bitmask
Crossover rate: 100%
Mutation type: Swap
Mutation rate: 10%
--------------Results-------------
Average distance of first generation: 1626.0491
Average distance of last generation: 1214.5857
Best distance of first generation: 1358.0502
Best distance of last generation: 544.91003
------Average per generation------
1626.0491
1584.4962
1567.9062
1557.1943
1544.0856
1538.2489
1533.3779
1527.6128
1521.5602
1519.9532
1510.9323
1503.9171
1503.0098
1499.6869
1494.1196
1495.9921
1493.7021
1492.051
1489.0256
1485.8162
1486.1869
1485.6346
1480.2585
1477.4404
1482.8402
1478.3947
1478.2528
1475.069
1475.881
1471.9729
1470.6277
1471.4255
1470.6544
1470.0151
1464.2916
1462.2931
1458.0833
1457.2382
1455.5875
1462.2871
1455.4137
1460.1525
1456.4196
1460.2219
1457.8596
1456.2069
1453.0283
1450.128
1445.5206
1454.5011
1448.7334
1442.0125
1437.6481
1438.8003
1434.3179
1426.6583
1436.3013
1438.3438
1439.8733
1432.5382
1433.2886
1433.1216
1430.0105
1434.9496
1427.7711
1433.439
1431.2023
1430.0227
1422.6322
1415.1824
1419.0676
1428.1298
1424.2992
1421.687
1423.0719
1424.4692
1420.1927
1415.6329
1416.4418
1423.1614
1422.4067
1424.2095
1422.6927
1421.614
1417.3102
1417.591
1415.8817
1412.3313
1406.0691
1407.8065
1404.1218
1402.5413
1414.0977
1414.355
1407.6948
1410.6855
1409.0555
1404.4106
1406.3911
1400.6146
1406.7238
1405.6754
1402.4565
1397.6095
1400.2548
1396.6195
1398.3273
1393.0143
1386.5377
1384.0267
1385.0344
1381.6426
1388.4263
1383.8137
1383.7844
1384.3854
1372.7441
1382.5045
1375.8237
1380.3495
1379.034
1370.2317
1368.1506
1374.8691
1370.7185
1374.8396
1370.9371
1363.5321
1361.3187
1360.3759
1355.363
1358.389
1358.6327
1363.5446
1355.4214
1351.4976
1347.9689
1352.5448
1357.7545
1351.8728
1348.8225
1344.9924
1353.7069
1358.721
1349.4849
1344.3562
1350.9863
1349.2708
1339.0837
1344.1776
1335.0635
1331.3423
1330.4246
1333.3674
1341.8735
1335.6677
1335.0828
1324.1669
1315.523
1317.3413
1316.6082
1316.234
1321.4927
1314.7244
1319.7001
1321.345
1327.1719
1320.2697
1306.6813
1320.5127
1327.1923
1315.5117
1306.9374
1296.2775
1299.9167
1299.6652
1294.9836
1302.2811
1307.8082
1302.5577
1307.8918
1304.5278
1308.8254
1303.9856
1303.5634
1299.0205
1298.3813
1312.7651
1309.0557
1303.9253
1300.9182
1294.5603
1301.3005
1293.2079
1293.3799
1307.3156
1287.5054
1283.5701
1282.9185
1291.0272
1294.1879
1294.022
1302.7983
1300.7216
1287.7073
1282.8857
1296.6727
1296.6204
1294.0177
1285.2546
1287.4448
1289.5112
1288.2771
1280.7351
1280.9406
1278.3073
1291.3298
1293.0925
1305.9402
1292.5299
1289.1937
1279.2179
1279.6279
1291.4872
1286.9502
1289.349
1292.4463
1286.3936
1293.5438
1284.9519
1295.5084
1294.4044
1298.6725
1292.3636
1290.0894
1289.251
1284.597
1283.4436
1285.7004
1287.2125
1273.964
1279.3157
1288.0715
1289.9595
1290.3269
1298.4893
1293.7145
1295.1794
1287.7444
1298.4924
1294.5411
1292.4543
1287.718
1296.6692
1288.3491
1282.6436
1284.7455
1283.5115
1281.5709
1284.2277
1284.2252
1286.9049
1286.5951
1283.9686
1278.7079
1280.4982
1278.3096
1275.7905
1267.0461
1267.6996
1270.07
1272.9668
1264.529
1273.7137
1278.6261
1284.1932
1290.6019
1284.4185
1281.7565
1282.261
1285.9476
1285.1246
1271.8356
1265.227
1259.0181
1260.4497
1268.3324
1269.7112
1269.8022
1273.5902
1280.5048
1271.6184
1266.7618
1265.4893
1279.415
1286.0107
1275.6028
1273.7203
1272.395
1267.9
1270.2107
1266.2137
1272.0374
1275.1608
1267.4723
1272.639
1271.6334
1268.1815
1280.3853
1268.3915
1263.3132
1276.5115
1269.8698
1265.5286
1261.1786
1266.139
1264.2773
1260.8517
1258.6724
1262.5376
1253.3292
1245.1289
1264.6754
1259.3965
1274.2485
1271.6547
1278.1094
1271.7383
1264.4352
1264.3004
1263.3185
1267.9548
1271.5607
1260.1173
1268.8893
1259.8141
1261.4205
1260.9836
1261.9572
1266.1967
1255.6217
1251.8824
1256.1509
1255.7339
1261.7196
1242.8834
1252.0319
1260.2928
1267.9362
1273.0265
1270.3293
1267.8202
1272.4053
1271.4163
1250.273
1243.3389
1257.8783
1261.2974
1252.4731
1255.6556
1260.2177
1264.8997
1256.9805
1270.0327
1262.3773
1274.3483
1272.8717
1279.9175
1266.4916
1259.0315
1252.7003
1251.0275
1255.7263
1249.1161
1247.802
1248.5782
1248.0895
1258.7871
1261.8969
1254.0964
1250.8016
1256.8414
1259.5103
1254.7748
1258.3425
1247.7488
1253.7367
1258.0593
1252.9019
1249.0679
1248.9624
1252.347
1239.5485
1248.6545
1250.3738
1254.0623
1252.655
1242.5896
1257.8077
1243.3844
1254.5455
1246.9595
1258.9781
1266.1876
1254.5653
1244.1272
1247.5099
1249.0304
1254.509
1261.8794
1244.8882
1237.3308
1249.5718
1246.9171
1235.8058
1243.4777
1248.6198
1247.2946
1243.8129
1233.5984
1232.6459
1238.5449
1246.0265
1240.7317
1230.4615
1238.9738
1231.0931
1246.8784
1240.5164
1232.9941
1239.8582
1230.7709
1219.851
1224.1393
1243.2811
1243.5072
1252.9897
1242.72
1239.3046
1229.8785
1233.2748
1240.1036
1244.2881
1241.3131
1234.7881
1241.0951
1227.3245
1244.7694
1238.5059
1234.1919
1244.5585
1249.2334
1253.4658
1255.3417
1231.4235
1230.1359
1245.5961
1245.9034
1245.936
1250.6256
1237.2528
1238.3856
1242.1248
1248.1122
1252.3109
1255.5288
1253.4324
1245.8711
1239.2593
1245.4172
1247.6914
1240.7625
1238.7223
1246.4255
1238.1115
1248.7308
1262.4275
1253.0312
1241.5344
1239.7665
1246.0105
1230.1136
1211.2023
1229.2919
1223.0472
1216.9883
1223.8495
1229.0203
1232.9424
1244.3726
1245.8251
1226.7421
1217.8921
1219.6708
1234.708
1227.0519
1232.7723
1258.234
1257.2051
1250.3843
1243.5425
1244.0913
1235.501
1241.6415
1248.0725
1221.9377
1216.2928
1219.228
1225.122
1234.0363
1238.0294
1227.05
1241.1866
1244.1245
1234.8252
1232.266
1245.1875
1240.2345
1250.6971
1228.4933
1230.1764
1228.9602
1243.5814
1231.7119
1249.1921
1240.6476
1242.6781
1241.2477
1258.3477
1241.2042
1235.3866
1239.9021
1239.7418
1248.6527
1233.7911
1224.8121
1226.7878
1223.6265
1209.9578
1214.4412
1223.138
1215.478
1218.5822
1223.5977
1216.6893
1218.4395
1235.0708
1238.6117
1237.6428
1220.948
1228.4478
1225.793
1225.3844
1227.921
1225.6794
1216.0499
1223.3741
1221.1698
1228.0331
1244.7512
1229.5875
1214.7725
1218.3723
1198.5399
1234.4376
1236.1671
1227.9543
1239.087
1245.7146
1237.9957
1242.6074
1237.5105
1233.2568
1234.2261
1233.7751
1218.0237
1213.6697
1233.7068
1229.318
1235.4103
1232.2341
1245.3466
1232.4054
1225.9447
1229.2594
1219.296
1231.9366
1230.9799
1238.6665
1220.6396
1222.0416
1215.2616
1219.5372
1224.0972
1231.2747
1232.8079
1231.5997
1218.7666
1206.8538
1218.7985
1217.9514
1214.129
1222.6493
1237.1674
1219.3749
1223.2583
1218.7017
1233.3154
1217.6296
1229.8517
1236.5603
1225.4667
1222.5863
1233.836
1226.7766
1231.813
1227.4231
1236.4355
1220.2157
1225.4175
1223.7479
1210.1876
1207.4752
1214.6753
1199.4963
1218.2518
1217.0378
1214.8306
1217.1348
1207.5565
1209.1191
1221.1356
1212.12
1220.3501
1213.5388
1215.8754
1203.6515
1214.5872
1233.3904
1226.4032
1230.2611
1234.6018
1226.1053
1207.11
1228.8253
1224.1653
1233.9446
1223.8202
1213.8275
1201.2009
1209.3549
1213.1418
1222.7197
1222.447
1229.4982
1243.183
1231.0522
1230.1935
1220.089
1227.0922
1216.1965
1209.4003
1207.8793
1207.1812
1227.8661
1222.1587
1212.7579
1224.7212
1219.7996
1224.9657
1222.683
1227.9781
1224.2163
1215.03
1214.5629
1229.6715
1239.21
1232.882
1212.6064
1224.9729
1228.9242
1225.5837
1216.5684
1220.1489
1215.6819
1218.6495
1214.4801
1219.702
1224.2848
1233.2588
1217.5945
1220.0797
1232.6057
1235.3502
1218.9238
1214.7065
1213.5518
1215.2699
1211.4904
1211.8313
1207.0935
1203.0306
1217.3691
1225.493
1223.5625
1221.1677
1216.2112
1209.834
1207.5831
1219.2262
1209.5929
1205.446
1214.9397
1217.9636
1212.6259
1217.8209
1217.3481
1217.1653
1226.0155
1220.6864
1220.7654
1228.1156
1235.6366
1232.3008
1209.0198
1205.8676
1204.5186
1203.5159
1212.334
1211.7572
1217.5748
1210.4579
1223.575
1209.0878
1209.9851
1217.6061
1217.7715
1209.7139
1215.4032
1215.2799
1215.4064
1204.8162
1207.9912
1211.5938
1215.9579
1231.8582
1218.2343
1221.0293
1211.1414
1209.5444
1213.1394
1213.6664
1212.897
1216.0769
1209.3514
1227.569
1227.5636
1224.8157
1214.7878
1216.1256
1206.1223
1200.7828
1200.1447
1197.0647
1203.9048
1207.9219
1201.7079
1209.4338
1204.8069
1221.7094
1216.0894
1206.8062
1209.6295
1201.3728
1213.7758
1227.3411
1216.2042
1220.5837
1205.5898
1200.121
1214.4391
1216.93
1229.0312
1202.5239
1215.9006
1207.1333
1210.3458
1217.4879
1206.7272
1208.7754
1219.544
1215.5364
1209.3336
1219.4597
1215.4316
1205.4888
1205.5826
1207.5448
1207.7507
1212.9214
1208.9528
1196.7822
1191.8109
1210.7771
1221.0255
1214.0825
1213.238
1205.178
1193.6626
1208.7798
1207.4451
1203.8698
1213.3588
1199.9955
1217.6835
1215.6716
1211.6938
1214.8169
1215.8146
1217.496
1210.1155
1217.2548
1205.0764
1205.3635
1224.3845
1217.5966
1218.5206
1225.1958
1217.7963
1219.4523
1221.5223
1223.7601
1226.4657
1216.6011
1204.4493
1201.5576
1206.7555
1218.0616
1213.669
1218.9646
1214.6558
1217.0586
1212.7205
1214.3683
1231.5219
1213.1449
1209.2875
1215.9426
1191.6244
1201.2101
1219.7074
1210.2084
1220.0665
1207.2385
1210.5698
1207.3029
1198.7449
1213.589
1208.8678
1219.2616
1230.0166
1207.0881
1202.9358
1212.0863
1216.2859
1222.444
1215.2482
1221.0763
1223.4877
1216.7556
1217.8857
1225.746
1221.1545
1217.4667
1218.313
1223.2125
1212.4915
1208.4541
1215.0613
1217.1775
1206.438
1200.301
1199.2856
1188.9636
1199.8348
1197.3523
1205.6156
1195.1005
1207.4756
1200.7522
1207.4679
1205.4653
1200.4227
1216.437
1215.0955
1213.0371
1206.1112
1213.3986
1218.9064
1211.6914
1202.8032
1217.8462
1206.9009
1210.5016
1222.2979
1215.258
1209.6213
1204.7684
1212.1066
1210.3958
1208.6652
1208.5977
1202.3489
1194.7747
1193.0402
1192.889
1209.5046
1210.4678
1207.7684
1211.9823
1218.4231
1222.7583
1217.6198
1206.7194
1225.5134
1216.0043
1197.0785
1191.5742
1213.0168
1195.278
1207.7764
1203.6648
1205.1437
1205.1154
1209.0128
1214.9183
1212.5691
1201.6532
1208.2524
1212.8823
1201.0465
1203.5468
1196.4532
1214.4512
1206.8242
1210.7223
1217.8771
1210.793
1188.19
1199.9116
1214.3129
1199.6141
1188.6581
1202.003
1205.8385
1195.1123
1202.7542
1204.6323
1207.2914
1202.3524
1195.6743
1197.6687
1193.7144
1191.5432
1206.4753
1190.9668
1199.4711
1187.2689
1187.5062
1194.5228
1190.9235
1195.0481
1201.5012
1199.1985
1191.8823
1204.1895
1194.146
1197.1737
1189.77
1208.0839
1198.2854
1204.8584
1205.6991
1199.899
1205.0173
1199.5334
1212.0922
1206.3871
1203.0673
1199.1135
1193.2649
1203.6345
1186.9614
1187.1858
1204.4501
1213.5745
1222.6906
1203.4342
1217.1522
1214.5857
-------Best per generation--------
1358.0502
1305.1594
1305.1594
1305.1594
1297.6323
1297.6323
1297.6323
1297.6323
1285.754
1285.754
1285.754
1285.754
1279.526
1279.038
1249.6044
1249.6044
1249.6044
1249.6044
1249.6044
1249.6044
1237.748
1237.748
1237.748
1237.748
1226.1251
1225.1172
1225.1172
1225.1172
1225.1172
1225.1172
1225.1172
1225.1172
1219.8608
1219.8608
1203.5028
1203.5028
1203.5028
1202.5859
1202.5859
1191.8329
1162.9806
1162.9806
1162.9806
1162.9806
1162.9806
1159.4938
1159.4938
1159.4938
1159.4938
1154.7858
1154.7858
1154.7858
1153.6216
1138.3563
1131.5143
1131.5143
1131.5143
1131.5143
1131.5143
1131.5143
1122.2986
1122.2986
1122.2986
1122.2986
1122.2986
1114.6154
1098.2083
1098.2083
1098.2083
1088.8972
1088.8972
1088.8972
1088.8972
1088.8972
1088.8972
1088.8972
1088.8972
1088.8972
1088.8972
1088.8972
1088.8972
1088.8972
1088.8972
1085.3341
1085.3341
1066.2407
1066.2407
1066.2407
1066.2407
1066.2407
1066.2407
1055.6755
1055.6755
1044.7588
1044.7588
1002.98224
1002.98224
1002.98224
1002.98224
1002.98224
1002.98224
1002.98224
1002.98224
1002.98224
1002.98224
1001.6422
1001.6422
1001.6422
1001.6422
1001.6422
994.45483
978.3276
978.3276
978.3276
978.3276
978.3276
978.3276
978.3276
930.116
930.116
930.116
930.116
930.116
930.116
930.116
930.116
930.116
930.116
930.116
930.116
930.116
930.116
930.116
923.56946
923.56946
923.56946
919.60297
919.60297
901.8175
901.8175
901.8175
901.8175
901.8175
854.2967
854.2967
854.2967
854.2967
854.2967
854.2967
854.2967
854.2967
854.2967
854.2967
831.64026
831.64026
831.64026
831.64026
831.64026
831.64026
818.1527
818.1527
818.1527
818.1527
818.1527
818.1527
818.1527
818.1527
818.1527
818.1527
818.1527
818.1527
818.1527
818.1527
818.1527
818.1527
799.40436
799.40436
799.40436
799.40436
799.40436
799.40436
799.40436
799.40436
799.40436
799.40436
799.40436
799.40436
799.40436
799.40436
799.40436
781.33234
781.33234
781.33234
781.33234
781.33234
781.33234
781.33234
781.33234
781.33234
781.33234
781.33234
781.33234
781.33234
781.33234
781.33234
781.33234
781.33234
781.33234
780.80756
774.3576
774.3576
774.3576
774.3576
774.3576
774.3576
770.29443
770.29443
770.29443
770.29443
770.29443
770.29443
770.29443
770.29443
770.29443
770.29443
768.03656
768.03656
768.03656
768.03656
768.03656
768.03656
768.03656
768.03656
768.03656
768.03656
764.2719
764.2719
764.2719
764.2719
761.5388
761.5388
761.5388
761.5388
761.5388
761.5388
761.5388
747.7473
747.7473
747.7473
747.7473
747.7473
747.7473
747.7473
747.7473
747.7473
747.7473
747.7473
738.07166
738.07166
738.07166
738.07166
738.07166
738.07166
738.07166
738.07166
738.07166
738.07166
738.07166
738.07166
738.07166
738.07166
738.07166
738.07166
738.07166
725.7305
725.7305
725.7305
725.7305
725.7305
725.7305
725.7305
725.7305
725.7305
725.7305
725.7305
725.7305
725.7305
725.7305
725.7305
725.7305
725.7305
725.7305
723.0492
723.0492
723.0492
723.0492
723.0492
723.0492
723.0492
712.9789
712.9789
712.9789
712.9789
712.9789
712.9789
712.9789
712.9789
712.9789
712.9789
712.9789
712.9789
712.9789
712.9789
712.9789
712.9789
704.29877
704.2695
704.2695
704.2695
704.2695
704.2695
704.2695
700.89215
700.89215
700.89215
700.89215
700.89215
700.89215
700.89215
700.89215
700.89215
700.89215
695.93463
695.93463
695.93463
695.93463
695.93463
695.93463
695.93463
695.93463
695.93463
695.93463
690.28845
690.28845
690.28845
690.28845
690.28845
690.28845
690.28845
690.28845
690.28845
690.28845
690.28845
690.28845
690.28845
690.28845
690.28845
689.8503
689.8503
689.8503
689.8503
689.8503
688.17267
688.17267
688.17267
688.17267
688.17267
688.17267
676.4099
676.4099
676.4099
676.4099
676.4099
676.4099
676.4099
676.4099
676.4099
676.4099
676.4099
676.4099
676.4099
676.4099
676.4099
676.4099
676.4099
676.4099
676.4099
676.4099
676.4099
676.4099
676.4099
676.4099
676.4099
676.4099
676.4099
676.4099
676.4099
676.4099
676.4099
667.7816
667.7816
667.7816
667.7816
650.6014
650.6014
650.6014
650.6014
650.6014
650.6014
650.6014
650.6014
650.6014
650.6014
650.6014
650.6014
650.6014
650.6014
650.6014
650.6014
650.6014
650.6014
650.6014
650.6014
650.6014
647.7852
647.7852
647.7852
647.7852
647.5599
647.5599
647.5599
647.5599
647.22406
646.207
646.207
646.207
646.207
646.207
644.7437
644.7437
644.7437
644.7437
644.7437
644.7437
644.7437
644.7437
644.7437
644.7437
644.7437
644.7437
644.7437
638.2004
638.2004
638.2004
638.2004
638.2004
638.2004
638.2004
637.3747
637.3747
637.3747
637.3747
637.3747
637.3747
637.3747
637.3747
637.3747
637.3747
637.3747
637.3747
637.3747
637.3747
637.3747
637.3747
637.3747
637.3747
637.3747
637.3747
637.3747
637.3747
637.3747
637.3747
637.3747
637.3747
637.3747
630.83136
630.83136
630.83136
630.83136
630.83136
630.83136
630.83136
630.83136
630.83136
630.83136
630.83136
630.83136
630.83136
630.83136
630.83136
630.83136
630.83136
630.83136
630.83136
630.83136
630.83136
630.83136
630.83136
630.83136
630.83136
630.83136
627.04816
627.04816
627.04816
622.07574
622.07574
622.07574
622.07574
622.07574
622.07574
622.07574
622.07574
622.07574
622.07574
622.07574
622.07574
622.07574
622.07574
622.07574
622.07574
622.07574
622.07574
622.07574
622.07574
622.07574
622.07574
622.07574
622.07574
619.0097
619.0097
617.3462
617.3462
617.3462
617.3462
617.3462
617.3462
617.3462
617.3462
617.3462
612.68884
612.68884
612.68884
612.68884
612.68884
612.68884
612.68884
612.68884
612.68884
612.68884
612.68884
612.68884
612.68884
612.68884
612.68884
612.68884
612.68884
612.68884
612.68884
612.68884
612.68884
612.68884
612.68884
612.68884
612.68884
612.68884
612.68884
612.68884
612.68884
612.68884
612.68884
609.7553
609.7553
609.7553
609.7553
609.7553
609.7553
609.7553
609.7553
609.7553
609.7553
609.7553
609.7553
609.7553
609.7553
609.7553
609.7553
609.7553
609.7553
609.7553
609.7553
609.7553
609.7553
609.7553
609.7553
609.7553
605.02576
605.02576
605.02576
605.02576
605.02576
600.6992
600.6992
600.6992
600.6992
600.6992
600.6992
600.6992
600.6992
600.6992
600.6992
600.6992
600.6992
600.6992
600.6992
600.6992
600.6992
600.6992
600.6992
600.6992
600.6992
600.6992
600.6992
600.6992
600.6992
600.6992
600.6992
600.6992
597.5961
597.5961
597.5961
597.5961
597.5961
597.5961
597.5961
597.5961
597.5961
597.5961
597.5961
597.5961
597.5961
597.5961
597.5961
594.68384
594.68384
594.68384
594.68384
594.68384
594.68384
594.68384
594.68384
594.68384
594.68384
594.68384
594.68384
594.68384
594.68384
594.68384
594.68384
592.53906
592.53906
589.6268
589.6268
589.6268
589.6268
589.6268
589.6268
589.6268
589.6268
589.6268
589.6268
589.6268
589.6268
589.6268
589.6268
589.6268
589.6268
589.6268
589.6268
589.6268
589.6268
589.6268
589.6268
589.6268
589.6268
589.6268
589.6268
589.6268
589.6268
589.6268
589.6268
589.6268
589.6268
589.6268
589.6268
589.6268
589.6268
579.64075
579.64075
579.64075
579.64075
579.64075
579.64075
579.64075
579.64075
579.64075
579.64075
579.64075
579.64075
579.64075
579.64075
579.64075
579.64075
579.64075
579.64075
579.64075
579.64075
579.64075
579.64075
577.4531
577.4531
577.4531
577.4531
577.4531
577.4531
577.4531
577.4531
577.4531
577.4531
577.4531
577.4531
577.4531
577.4531
577.4531
577.4531
577.4531
577.4531
577.4531
577.4531
577.4531
577.4531
577.4531
577.4531
577.4531
577.4531
577.4531
577.4531
577.4531
577.4531
577.4531
577.4531
577.4531
577.4531
574.3871
574.3871
574.3871
574.3871
574.3871
574.3871
574.3871
574.3871
573.5173
573.5173
573.5173
573.5173
573.5173
573.5173
573.5173
573.5173
573.5173
573.5173
573.5173
573.5173
573.5173
573.5173
573.5173
573.5173
573.5173
570.4512
570.4512
570.4512
570.4512
570.4512
570.4512
570.4512
570.4512
570.4512
570.4512
570.4512
570.4512
570.4512
570.4512
570.4512
570.4512
570.4512
570.4512
570.4512
570.4512
570.4512
570.4512
570.4512
569.13416
569.13416
569.13416
569.13416
569.13416
569.13416
569.13416
569.13416
569.13416
569.13416
569.13416
569.13416
569.13416
569.13416
569.13416
569.13416
569.13416
569.13416
569.13416
569.13416
569.13416
569.13416
569.13416
569.13416
569.13416
569.13416
569.13416
569.13416
569.13416
569.13416
569.13416
569.13416
569.13416
569.13416
569.13416
569.13416
569.13416
569.13416
569.13416
569.13416
569.13416
569.13416
569.13416
569.13416
569.13416
569.13416
569.13416
569.13416
569.13416
569.13416
569.13416
569.13416
569.13416
569.13416
568.9331
568.9331
568.9331
568.9331
568.9331
568.9331
568.9331
568.9331
568.298
568.298
568.298
568.298
568.298
568.298
568.298
568.298
568.298
568.298
568.298
555.1047
555.1047
555.1047
555.1047
555.1047
555.1047
555.1047
555.1047
555.1047
555.1047
555.1047
555.1047
555.1047
555.1047
555.1047
555.1047
555.1047
555.1047
555.1047
555.1047
554.0637
554.0637
554.0637
554.0637
554.0637
554.0637
554.0637
554.0637
554.0637
554.0637
554.0637
554.0637
554.0637
550.6551
550.6551
550.6551
550.6551
550.6551
550.6551
550.6551
550.6551
550.6551
550.6551
550.6551
550.6551
550.6551
550.6551
550.6551
550.6551
550.6551
550.6551
550.6551
550.6551
550.6551
550.6551
550.6551
550.6551
550.6551
550.6551
550.6551
550.6551
550.6551
550.6551
550.6551
550.6551
544.91003
544.91003
544.91003
544.91003
544.91003
544.91003
544.91003
544.91003
544.91003
544.91003
544.91003
544.91003
544.91003
544.91003
544.91003
544.91003
544.91003
544.91003
544.91003
544.91003
544.91003
544.91003
544.91003
544.91003
544.91003
544.91003
544.91003
544.91003
544.91003
544.91003
544.91003
544.91003
544.91003
544.91003
544.91003
544.91003
544.91003
544.91003
544.91003
544.91003
544.91003
544.91003
544.91003
544.91003
544.91003
544.91003
544.91003
544.91003
544.91003
544.91003
544.91003
544.91003
EOF
