File: test2.txt
------------Properties------------
Number of cities: 51
Number of chromosomes: 1000
Number of generations: 1000
Tournament candidates: 3
Crossover type: PMX
Crossover rate: 100%
Mutation type: Swap
Mutation rate: 10%
--------------Results-------------
Average distance of first generation: 1619.3518
Average distance of last generation: 1247.1865
Best distance of first generation: 1360.5823
Best distance of last generation: 578.9501
------Average per generation------
1619.3518
1581.6254
1569.0082
1559.9851
1557.1462
1553.4722
1551.3309
1549.007
1544.039
1540.6478
1548.155
1542.5825
1543.852
1543.3235
1534.448
1536.1135
1537.694
1537.331
1532.9877
1533.2521
1528.9907
1529.0558
1530.7551
1522.914
1527.077
1522.7963
1523.6194
1521.6691
1519.2963
1517.1743
1521.0419
1518.1061
1518.6127
1514.7072
1512.9951
1517.303
1512.837
1509.532
1511.7655
1506.19
1509.3867
1502.6995
1498.9912
1501.5566
1501.9115
1501.8358
1503.9089
1506.1592
1506.0533
1507.3951
1504.9408
1498.4655
1499.4972
1498.8344
1502.1165
1499.8088
1499.4266
1498.9915
1492.6041
1494.5662
1490.4135
1490.6122
1495.5293
1498.864
1491.8123
1492.1067
1493.301
1487.2905
1490.882
1489.4799
1492.4574
1483.9242
1489.4347
1482.896
1483.6561
1481.9967
1488.6951
1485.535
1481.9902
1481.5155
1483.305
1479.8212
1480.3425
1472.7668
1471.8961
1473.353
1465.1011
1469.3513
1471.5367
1466.3524
1455.1221
1453.38
1449.365
1450.5955
1450.7114
1454.1682
1450.3951
1449.9651
1451.9429
1452.5742
1446.53
1440.8315
1437.719
1439.7999
1440.8054
1449.2615
1438.7605
1441.3104
1443.5538
1437.8264
1431.7529
1435.4674
1430.0955
1429.3049
1425.3107
1422.6125
1421.2589
1427.2048
1427.5137
1417.2206
1416.2839
1416.539
1412.9352
1421.4288
1418.9333
1413.2822
1413.8876
1409.3959
1409.4281
1422.5004
1421.1951
1417.3541
1420.0094
1421.4369
1423.3229
1417.165
1412.0846
1408.6748
1402.5918
1404.243
1400.5582
1397.4235
1401.8733
1406.4937
1406.4021
1394.5254
1395.3795
1389.1028
1395.8544
1390.8517
1392.6064
1397.0754
1393.155
1391.3502
1381.7295
1386.9534
1397.9764
1389.8734
1391.0377
1390.7742
1388.8044
1391.4913
1384.3646
1378.08
1379.0995
1390.2928
1385.2892
1383.6895
1380.8544
1378.5747
1377.482
1376.3965
1378.0634
1381.6997
1381.347
1382.9048
1371.828
1368.3785
1383.951
1385.6556
1373.507
1367.5293
1368.1986
1370.6179
1362.612
1363.4788
1351.9065
1353.3804
1363.5739
1362.4644
1358.8236
1362.782
1363.068
1372.151
1369.2196
1355.437
1357.0457
1355.35
1363.1211
1371.2808
1357.6044
1353.2448
1358.4341
1352.4744
1361.3723
1355.0437
1346.8357
1353.665
1349.322
1350.8419
1349.7566
1348.2972
1347.583
1351.6132
1349.5142
1348.7885
1339.0709
1325.9463
1326.8785
1326.0276
1320.1946
1323.4415
1311.2261
1314.3893
1312.4431
1319.3804
1311.4012
1309.823
1311.1804
1318.158
1308.8768
1309.0437
1310.4357
1315.2217
1313.608
1314.8718
1310.7697
1315.8538
1317.1731
1307.8215
1302.3671
1316.6652
1323.7317
1326.9213
1327.8142
1328.4222
1315.491
1315.8892
1312.1394
1315.8383
1297.989
1296.8375
1294.5096
1288.0283
1294.7012
1291.7477
1289.9146
1309.467
1315.5468
1310.9917
1315.4247
1298.4424
1298.1907
1287.6449
1293.1058
1307.2416
1315.2275
1320.1575
1304.4294
1309.1962
1312.422
1309.7954
1304.793
1299.7589
1299.8715
1303.5818
1313.7372
1308.389
1297.5084
1302.5994
1301.5405
1309.1874
1304.799
1305.448
1292.5452
1289.4525
1298.7799
1300.267
1293.9701
1297.0536
1289.117
1293.5713
1285.3862
1285.4907
1283.9777
1285.8784
1294.9963
1291.0114
1281.6653
1283.9178
1289.3392
1293.284
1294.5964
1286.2001
1283.1543
1285.1978
1280.4147
1283.5477
1281.454
1295.5734
1290.4967
1286.3682
1287.7771
1274.5214
1271.8497
1287.7686
1269.8805
1278.1246
1272.5623
1287.8676
1283.6042
1282.325
1277.2458
1280.0944
1282.8806
1282.598
1287.9226
1283.0067
1280.06
1291.6321
1280.3962
1292.6199
1298.6326
1285.0841
1282.771
1285.2411
1295.4131
1297.2821
1293.2793
1288.8999
1275.2465
1267.743
1274.0558
1288.202
1283.989
1282.3397
1286.6533
1285.003
1273.1233
1279.0544
1274.3019
1276.2812
1271.6824
1261.8005
1266.8381
1285.9325
1287.7704
1291.4164
1287.3915
1282.5024
1279.2307
1279.512
1275.0687
1277.854
1273.0132
1276.9597
1278.197
1276.1177
1275.9646
1279.4135
1267.0751
1274.3416
1269.6663
1261.069
1265.1829
1256.3202
1245.7727
1259.7234
1263.1376
1264.343
1266.857
1260.4412
1267.8848
1275.9949
1267.8754
1277.5146
1269.0876
1276.1229
1267.6161
1273.666
1278.0636
1274.8251
1284.3226
1283.2107
1269.4858
1256.5198
1257.0084
1248.1868
1265.39
1267.4988
1260.5154
1266.0155
1282.583
1279.401
1279.2313
1282.4824
1275.6552
1292.3945
1287.2125
1287.3818
1274.5253
1280.0731
1285.937
1282.582
1270.8263
1263.379
1266.7418
1271.3442
1255.6042
1261.3314
1268.9333
1278.0939
1274.7141
1273.5309
1253.3757
1242.25
1245.3849
1273.1548
1264.3712
1269.2594
1273.679
1279.8641
1278.9883
1284.4154
1271.5994
1266.5834
1257.1459
1269.3309
1265.5243
1270.2899
1268.6761
1276.4188
1270.733
1258.1014
1246.7665
1254.5658
1239.5886
1255.6521
1270.7358
1282.805
1274.4718
1268.1034
1266.9966
1270.4384
1271.2758
1271.5256
1274.139
1284.0381
1275.7073
1277.0231
1278.0874
1281.7667
1271.6862
1273.1642
1271.2849
1269.0941
1269.3198
1268.6676
1259.8618
1258.2797
1256.6838
1267.2201
1261.6018
1267.2743
1271.2567
1270.244
1271.0754
1256.9631
1259.5479
1252.3058
1275.5355
1275.7947
1281.4204
1265.6766
1274.2852
1273.7267
1273.7642
1261.074
1276.5083
1283.4358
1272.2555
1265.0485
1268.973
1280.5889
1278.8065
1271.5569
1260.3599
1255.6029
1258.0769
1257.9242
1272.3766
1268.3525
1283.0194
1275.442
1269.1663
1286.9172
1283.0121
1272.6882
1273.7637
1267.508
1263.15
1270.111
1260.2494
1256.4991
1255.7262
1249.7867
1247.0884
1249.3196
1255.1182
1270.224
1264.5079
1265.9142
1264.033
1265.6826
1267.223
1268.03
1256.1426
1263.4447
1249.431
1264.299
1249.5
1259.3514
1252.8899
1250.0862
1246.9148
1251.7557
1255.3318
1253.5928
1266.0304
1268.3921
1273.5201
1261.225
1255.0948
1258.3387
1253.4658
1261.2148
1265.1545
1269.1521
1249.4288
1255.1481
1245.3075
1250.26
1247.4043
1243.1072
1244.6022
1249.8154
1243.776
1246.3315
1248.1836
1251.3086
1240.1095
1245.1199
1254.745
1252.3347
1266.6046
1270.863
1264.8583
1259.5004
1270.7626
1263.9388
1258.2145
1279.0481
1267.6411
1269.3517
1252.2307
1273.5405
1265.1053
1267.762
1251.6548
1247.0038
1267.8267
1253.5496
1256.7095
1249.958
1248.3497
1245.0034
1243.0427
1252.4847
1258.5911
1265.8104
1261.1644
1257.3156
1262.5775
1258.3207
1263.3169
1269.7588
1268.3291
1260.7426
1271.269
1269.6892
1271.0798
1275.7178
1256.6315
1252.8379
1266.1298
1273.7844
1261.1854
1268.6528
1266.2834
1248.0072
1260.8167
1254.7865
1258.185
1270.2849
1261.9888
1259.4183
1256.7136
1258.1483
1261.1241
1261.5056
1262.5709
1249.9924
1248.9158
1260.852
1260.9
1257.5221
1273.3943
1276.4441
1277.3206
1266.9728
1271.9502
1275.233
1273.4413
1278.059
1273.5186
1260.5011
1264.5109
1253.4015
1254.2511
1253.328
1264.7644
1257.9181
1248.5557
1243.5082
1243.1713
1251.6951
1236.0282
1241.1737
1241.5771
1246.6868
1243.3265
1251.7507
1262.8995
1264.1094
1256.709
1260.0071
1262.919
1262.4468
1264.1378
1272.3888
1249.6647
1239.7582
1234.1758
1248.216
1256.4905
1257.8707
1246.7563
1254.6909
1254.5219
1248.613
1250.4558
1240.5403
1227.8507
1238.8877
1247.0459
1252.664
1250.3035
1260.4882
1257.3617
1263.6366
1256.2792
1254.3857
1236.9178
1248.383
1245.8909
1243.3947
1232.6708
1240.6351
1245.1354
1241.556
1254.4458
1256.1882
1266.3558
1264.6774
1261.1366
1255.0691
1258.8617
1253.7396
1263.7839
1253.2352
1247.8414
1239.6805
1230.3174
1229.5359
1237.5718
1237.5183
1246.7969
1249.3986
1248.3223
1243.9741
1258.8008
1258.6543
1263.7915
1264.3295
1262.3373
1259.6621
1264.6091
1261.0406
1263.8295
1269.562
1271.4797
1263.8352
1253.3396
1254.7412
1248.5248
1256.2635
1252.4238
1252.7273
1258.9377
1245.8177
1232.8639
1247.6702
1253.052
1256.7273
1262.5394
1255.1934
1259.9285
1253.86
1250.5917
1249.1718
1238.2485
1248.2833
1256.7007
1253.0739
1253.4789
1266.2356
1261.6361
1257.9943
1257.842
1251.1438
1257.4451
1259.6945
1250.2908
1247.4846
1245.2865
1252.3453
1254.0402
1246.2562
1245.0906
1259.3853
1263.6595
1266.4495
1261.9641
1253.306
1256.9178
1257.8417
1241.0135
1250.0435
1259.4219
1245.8868
1256.7457
1251.8702
1257.296
1245.015
1254.8164
1245.4691
1250.124
1254.9845
1251.8116
1257.7664
1252.8137
1249.4846
1245.7632
1257.0276
1255.9677
1252.1915
1258.9359
1262.1741
1265.9517
1265.8224
1265.3081
1246.2501
1244.5183
1253.7582
1260.0427
1242.1241
1243.4308
1253.6049
1244.3533
1250.3274
1260.7413
1255.4852
1249.8439
1236.8109
1235.6188
1242.3667
1257.5448
1263.549
1267.7974
1270.8473
1260.2476
1253.6802
1256.9578
1251.9851
1253.334
1260.7819
1261.8281
1262.2616
1248.1675
1246.0428
1240.3873
1243.8583
1238.7788
1250.4703
1261.0999
1241.257
1239.4674
1240.8541
1249.946
1248.3732
1228.9053
1224.449
1246.5342
1241.1879
1240.1511
1246.0995
1236.603
1241.2355
1224.086
1223.284
1241.293
1254.0992
1259.8643
1261.3611
1247.2054
1255.0088
1276.6947
1245.533
1254.297
1246.9896
1238.6162
1240.3843
1250.2721
1253.0308
1257.7361
1244.2985
1251.0458
1257.7478
1274.3112
1267.4314
1268.9142
1264.7549
1272.3243
1271.7935
1277.6581
1259.376
1250.2029
1237.416
1240.5906
1251.4532
1257.9775
1252.4492
1254.691
1249.4048
1252.8103
1245.5784
1249.7294
1239.5052
1236.9794
1229.5045
1232.6273
1227.1838
1229.8766
1237.237
1249.0958
1258.6833
1256.6958
1260.3026
1255.4894
1248.9902
1248.0295
1249.491
1263.4078
1254.1189
1252.6294
1244.7805
1237.405
1225.9813
1220.8965
1233.9824
1260.2875
1242.786
1241.999
1242.4741
1242.816
1241.1442
1256.7467
1255.9055
1252.0524
1234.1017
1244.0392
1253.8053
1250.1903
1252.7053
1250.2173
1249.2228
1240.8138
1236.99
1247.9623
1246.7556
1248.9231
1239.0725
1247.6372
1240.7789
1251.1956
1245.2239
1246.4735
1260.5477
1256.7153
1252.8743
1251.2432
1259.115
1249.8829
1250.2179
1262.591
1251.8682
1244.0144
1237.0306
1237.7291
1238.8517
1241.5054
1232.8438
1246.4329
1250.1523
1251.6079
1238.6793
1240.6136
1245.8936
1247.0627
1239.0743
1242.3593
1252.9355
1245.5436
1250.1012
1246.4703
1241.9814
1247.2112
1255.7968
1245.1749
1256.6223
1258.5919
1254.6624
1241.3752
1241.3135
1239.5962
1247.0149
1257.9601
1261.3191
1252.2828
1258.249
1246.1959
1253.665
1258.884
1247.4265
1257.7607
1252.6241
1259.9172
1259.5406
1255.4701
1251.6349
1251.9095
1241.4673
1248.928
1231.924
1240.0004
1243.0591
1254.0176
1259.0425
1259.4218
1247.4281
1261.904
1254.1692
1238.7167
1240.5603
1236.513
1243.8292
1237.623
1240.9061
1244.5663
1247.1865
-------Best per generation--------
1360.5823
1295.7653
1293.4694
1293.4694
1293.4694
1252.8942
1252.8942
1252.8942
1249.7042
1249.7042
1249.7042
1249.7042
1249.7042
1249.7042
1237.2286
1162.8109
1162.8109
1162.8109
1162.8109
1162.8109
1162.8109
1162.8109
1162.8109
1132.849
1132.849
1132.849
1132.849
1132.849
1132.849
1132.849
1132.849
1132.849
1132.849
1132.849
1132.849
1132.849
1132.849
1132.849
1132.849
1132.849
1132.849
1132.1836
1132.1836
1065.2754
1065.2754
1065.2754
1065.2754
1065.2754
1065.2754
1065.2754
1065.2754
1065.2754
1065.2754
1065.2754
1065.2754
1065.2754
1065.2754
1065.2754
1065.2754
1065.2754
1065.2754
1065.2754
1065.2754
1065.2754
1065.2754
1065.2754
1065.2754
1065.2754
1065.2754
1065.2754
1065.2754
1065.2754
1065.2754
1065.2754
1065.2754
1065.2754
1028.3123
1028.3123
1028.3123
1028.3123
1028.3123
1028.3123
1028.3123
1028.3123
1028.3123
1028.3123
1028.3123
1028.3123
1028.3123
1016.87946
1016.87946
951.58966
951.58966
951.58966
951.58966
951.58966
951.58966
951.58966
951.58966
951.58966
951.58966
951.58966
951.58966
951.58966
951.58966
951.58966
951.58966
951.58966
951.58966
951.58966
951.58966
951.58966
951.58966
951.58966
951.58966
951.58966
951.58966
951.58966
951.58966
920.5279
920.5279
920.5279
920.5279
920.5279
920.5279
905.1669
905.1669
905.1669
905.1669
905.1669
905.1669
905.1669
905.1669
904.9995
897.0067
896.71295
896.71295
896.71295
896.71295
896.71295
858.10944
858.10944
858.10944
858.10944
858.10944
858.10944
853.67535
853.67535
853.67535
853.67535
853.67535
853.67535
853.67535
853.67535
853.67535
853.67535
853.67535
853.67535
853.67535
853.67535
853.67535
853.67535
853.67535
853.67535
853.67535
853.67535
845.97003
845.97003
845.97003
845.97003
845.97003
845.97003
845.97003
845.97003
845.97003
845.97003
845.97003
818.5814
818.5814
818.5814
818.5814
818.5814
818.5814
818.5814
818.5814
818.5814
798.10657
798.10657
798.10657
798.10657
798.10657
798.10657
797.1193
797.1193
797.1193
797.1193
797.1193
797.1193
797.1193
797.1193
797.1193
790.26825
790.26825
790.26825
775.22363
775.22363
775.22363
775.22363
775.22363
775.22363
775.22363
775.22363
775.22363
775.22363
775.22363
775.22363
769.9921
769.9921
769.9921
769.9921
769.9921
762.63324
762.63324
762.63324
762.63324
755.3281
755.3281
755.3281
755.3281
755.3281
755.3281
755.3281
749.9507
749.9507
749.9507
749.19214
749.19214
749.19214
747.69507
747.69507
747.69507
743.3422
735.5039
735.5039
735.5039
735.5039
735.5039
735.5039
727.8134
727.8134
727.8134
727.8134
727.8134
727.8134
727.8134
727.8134
727.8134
716.0778
716.0778
716.0778
716.0778
716.0778
716.0778
716.0778
716.0778
716.0778
716.0778
716.0778
716.0778
712.9802
712.9802
711.5406
711.5406
711.5406
711.5406
711.5406
703.9711
703.9711
703.9711
703.9711
703.9711
703.9711
703.9711
703.9711
698.59674
698.59674
698.59674
692.5143
692.5143
692.5143
692.5143
692.5143
692.5143
692.5143
692.5143
692.5143
692.5143
692.5143
692.5143
688.13727
688.13727
688.13727
688.13727
688.13727
688.13727
688.13727
686.26526
686.26526
686.26526
686.26526
686.26526
686.26526
686.26526
686.26526
686.26526
686.26526
686.26526
686.26526
686.26526
686.26526
686.26526
678.18506
678.18506
678.18506
678.18506
678.18506
678.18506
678.18506
678.18506
677.1109
677.1109
677.1109
676.31305
676.31305
659.66266
659.66266
659.66266
659.66266
659.66266
659.66266
659.66266
659.66266
659.66266
659.66266
659.66266
659.66266
649.71045
649.1715
649.1715
649.1715
649.1715
649.1715
649.1715
649.1715
649.1715
649.1715
649.1715
649.1715
649.1715
649.1715
649.1715
649.1715
649.1715
649.1715
649.1715
649.1715
646.3507
645.4101
645.4101
645.4101
645.4101
645.4101
645.4101
645.4101
644.87115
644.87115
644.87115
644.87115
644.87115
644.87115
642.4031
642.4031
642.4031
642.0503
641.51135
641.51135
641.51135
641.51135
641.51135
641.51135
641.51135
641.51135
641.51135
641.51135
635.5957
635.5957
635.5957
635.5957
635.5957
635.5957
635.5957
635.05676
635.05676
635.05676
635.05676
635.05676
635.05676
635.05676
635.05676
635.05676
635.05676
635.05676
634.74194
634.74194
632.9511
632.9511
632.9511
632.9511
632.9511
632.9511
632.9511
632.9511
632.9511
632.9511
632.9511
632.9511
632.9511
631.0379
631.0379
631.0379
631.0379
631.0379
631.0379
631.0379
631.0379
631.0379
631.0379
631.0379
629.67395
629.67395
629.67395
629.67395
629.67395
629.67395
629.67395
629.67395
627.76074
627.76074
627.76074
627.76074
627.76074
627.76074
627.76074
627.76074
627.76074
627.76074
627.0925
625.50116
624.833
624.833
624.833
624.833
624.833
624.833
624.833
619.4947
619.4947
619.4947
619.4947
619.4947
619.4947
619.4947
619.4947
619.4947
619.4947
619.4947
619.4947
619.4947
619.4947
619.4947
619.4947
619.4947
619.4947
619.39343
619.39343
619.39343
619.39343
619.39343
619.39343
619.39343
619.39343
618.7252
618.7252
618.7252
618.7252
618.7252
618.7252
618.7252
618.7252
618.7252
618.7252
618.7252
618.7252
618.7252
618.7252
618.7252
618.7252
618.7252
618.7252
618.7252
618.7252
618.7252
618.7252
618.7252
618.7252
618.67004
618.67004
618.67004
618.67004
618.67004
617.9006
617.9006
617.9006
617.9006
617.9006
617.9006
617.9006
617.9006
617.9006
617.9006
617.9006
617.9006
617.9006
617.9006
617.9006
617.9006
617.9006
617.9006
617.9006
617.9006
617.9006
617.9006
617.9006
617.9006
617.9006
617.9006
617.9006
617.9006
617.6569
617.6569
617.6569
617.6569
617.6569
617.6569
617.6569
615.3065
615.3065
615.3065
615.3065
614.38654
614.38654
614.38654
614.38654
614.38654
614.38654
609.9303
609.9303
609.9303
609.9303
609.9303
609.9303
609.9303
609.9303
609.9303
609.9303
609.9303
609.2042
609.2042
609.2042
609.2042
609.2042
609.2042
609.2042
606.4343
606.41626
606.41626
606.41626
606.41626
606.41626
606.41626
606.41626
606.41626
606.41626
606.41626
606.41626
606.41626
606.41626
602.9203
602.9203
602.9203
602.9203
602.9203
602.9203
602.9203
602.9203
602.9203
602.9203
602.9203
602.9203
602.9203
602.9203
602.9203
602.9203
602.9203
602.9203
602.9203
602.9203
602.9203
602.9203
602.9203
602.9203
597.17926
597.17926
597.17926
597.17926
597.17926
594.116
594.116
594.116
594.116
594.116
594.116
594.116
594.116
594.116
594.116
594.116
594.116
594.116
594.116
588.37494
588.37494
588.37494
588.37494
588.37494
588.37494
588.37494
588.37494
588.37494
588.37494
588.37494
588.37494
588.37494
588.37494
588.37494
587.55023
587.55023
587.55023
587.55023
587.55023
587.55023
587.55023
587.55023
587.55023
587.55023
587.55023
587.55023
587.55023
587.55023
587.55023
587.55023
587.55023
587.55023
587.55023
587.55023
587.55023
587.55023
587.55023
587.55023
587.55023
587.55023
587.55023
587.55023
587.55023
587.55023
587.55023
587.55023
587.55023
587.55023
587.55023
587.55023
587.55023
587.55023
587.55023
587.55023
587.55023
587.55023
587.55023
587.55023
587.55023
587.55023
587.55023
587.55023
587.55023
587.55023
587.55023
587.55023
587.55023
587.55023
587.55023
587.55023
587.55023
587.55023
587.55023
587.55023
587.55023
587.55023
587.55023
587.55023
587.55023
587.55023
587.55023
587.55023
587.55023
587.55023
587.55023
587.55023
587.55023
587.55023
587.55023
587.55023
587.55023
587.55023
587.55023
587.55023
587.55023
587.55023
587.55023
587.55023
587.55023
587.55023
587.55023
587.55023
587.55023
587.55023
587.55023
587.55023
587.55023
587.55023
587.55023
587.55023
587.55023
587.55023
587.55023
587.55023
587.55023
587.55023
587.55023
587.55023
587.55023
587.55023
587.55023
587.55023
587.55023
587.55023
587.55023
587.55023
587.55023
587.55023
587.55023
587.55023
587.55023
587.55023
587.55023
587.55023
587.55023
587.55023
587.55023
587.55023
587.55023
587.55023
587.55023
587.55023
587.55023
587.55023
587.55023
587.55023
586.52716
586.52716
586.52716
586.52716
586.52716
586.52716
586.52716
586.52716
586.52716
586.52716
586.52716
586.52716
586.52716
586.52716
586.52716
586.52716
586.52716
586.52716
586.52716
586.52716
586.52716
586.52716
586.52716
586.52716
586.52716
586.52716
586.52716
586.52716
585.95386
585.95386
585.95386
585.95386
585.95386
585.95386
585.95386
585.95386
585.95386
585.95386
585.95386
585.95386
585.0556
585.0556
585.0556
585.0556
585.0556
585.0556
585.0556
585.0556
585.0556
585.0556
585.0556
585.0556
585.0556
585.0556
585.0556
585.0556
585.0556
585.0556
585.0556
585.0556
585.0556
585.0556
585.0556
585.0556
584.79865
584.79865
584.79865
584.17883
584.17883
584.17883
584.17883
584.17883
584.17883
584.17883
584.17883
584.17883
584.17883
584.17883
584.17883
584.17883
584.17883
584.17883
584.17883
584.17883
583.9218
583.9218
583.9218
583.3689
583.3689
583.3689
583.3689
583.3689
583.3689
583.3689
583.3689
583.3689
583.3689
583.3689
583.3689
583.3689
583.3689
583.2877
583.2877
583.2877
583.2877
583.2877
583.2877
583.2877
583.2877
583.2877
583.2877
583.2877
583.2877
583.2877
583.2877
583.2877
582.73474
582.73474
582.73474
582.73474
582.73474
582.73474
582.73474
582.73474
582.73474
582.73474
582.73474
582.73474
582.73474
582.73474
582.73474
582.73474
582.73474
582.73474
582.73474
582.73474
582.73474
582.73474
582.73474
582.73474
582.73474
582.73474
582.73474
582.73474
582.73474
582.73474
582.73474
582.73474
582.73474
578.9501
578.9501
578.9501
578.9501
578.9501
578.9501
578.9501
578.9501
578.9501
578.9501
578.9501
578.9501
578.9501
578.9501
578.9501
578.9501
578.9501
578.9501
578.9501
578.9501
578.9501
578.9501
578.9501
578.9501
578.9501
578.9501
578.9501
578.9501
578.9501
578.9501
578.9501
578.9501
578.9501
578.9501
578.9501
578.9501
578.9501
578.9501
578.9501
578.9501
578.9501
578.9501
578.9501
578.9501
578.9501
578.9501
578.9501
578.9501
578.9501
578.9501
578.9501
578.9501
578.9501
578.9501
578.9501
578.9501
578.9501
578.9501
578.9501
578.9501
578.9501
578.9501
578.9501
578.9501
EOF
