File: test2.txt
------------Properties------------
Number of cities: 51
Number of chromosomes: 1000
Number of generations: 1000
Tournament candidates: 3
Crossover type: PMX
Crossover rate: 90%
Mutation type: Swap
Mutation rate: 10%
--------------Results-------------
Average distance of first generation: 1624.7283
Average distance of last generation: 1260.2804
Best distance of first generation: 1231.8755
Best distance of last generation: 511.02463
------Average per generation------
1624.7283
1593.7043
1576.2358
1572.7537
1564.2292
1561.8301
1556.8335
1555.3861
1552.0322
1552.2836
1553.384
1544.8522
1548.4294
1542.7972
1539.813
1540.9001
1533.8369
1535.6486
1542.262
1536.9668
1534.8224
1532.4265
1530.4832
1537.1678
1529.4
1532.89
1531.3536
1531.6396
1529.1879
1529.4645
1529.0964
1526.5873
1531.5638
1528.8585
1527.5559
1528.4983
1524.0488
1522.098
1521.1727
1527.2017
1528.3363
1522.5935
1522.58
1519.0288
1523.917
1514.0194
1515.4788
1517.8453
1511.4403
1522.9052
1511.945
1510.1565
1511.6438
1513.6514
1512.1748
1510.5211
1510.7223
1505.6066
1509.0702
1511.362
1504.1383
1508.6492
1505.1251
1502.2911
1498.2086
1502.4901
1502.1049
1503.5631
1499.3517
1501.2107
1497.7493
1499.3396
1502.5958
1495.4048
1493.4116
1491.2706
1491.8448
1490.6202
1491.644
1494.176
1495.708
1492.5305
1491.5302
1493.3071
1488.6672
1485.4625
1488.4089
1488.1642
1495.2244
1489.6375
1486.9594
1489.1138
1486.4419
1490.1515
1483.8573
1485.2733
1479.8187
1480.739
1478.4517
1478.4822
1471.8545
1475.4298
1473.8048
1472.4409
1472.2373
1465.8004
1462.8914
1467.7786
1468.9526
1466.0406
1463.9814
1471.2715
1469.9543
1473.6876
1468.8525
1471.1545
1464.7004
1468.415
1469.5835
1480.0334
1472.0942
1474.1964
1473.2975
1473.5573
1469.9656
1472.2723
1476.6295
1470.2363
1465.2588
1466.2905
1467.9062
1465.9318
1466.5865
1466.5178
1463.848
1465.0043
1468.1879
1469.1909
1463.4127
1458.5854
1455.3344
1455.3225
1451.4491
1452.5288
1453.1259
1452.8735
1449.6985
1446.7056
1447.3175
1445.4569
1438.0905
1429.999
1438.6288
1432.8098
1433.2708
1435.6395
1437.7263
1434.6525
1425.814
1420.2129
1415.117
1420.8739
1417.5071
1420.7987
1422.4612
1426.3605
1416.9147
1423.4069
1423.994
1416.7825
1415.878
1407.4066
1408.0626
1404.511
1411.683
1403.95
1406.1152
1396.0071
1399.187
1402.6929
1402.9154
1399.661
1404.3302
1408.044
1404.8511
1412.2928
1411.9565
1403.985
1406.4083
1396.6594
1394.0829
1386.4116
1384.625
1386.7817
1385.9342
1395.5885
1392.5004
1394.4221
1393.7747
1388.8674
1376.093
1372.1647
1379.2634
1380.7985
1382.2054
1378.2092
1381.5396
1387.4858
1379.6914
1385.8646
1379.2954
1382.1908
1382.6035
1382.3999
1383.3647
1377.215
1379.4315
1382.4379
1377.7347
1384.6803
1359.1521
1354.4077
1368.9459
1364.7562
1369.3866
1364.3652
1349.4614
1357.3224
1363.4994
1364.6298
1376.1364
1366.796
1359.3851
1347.3611
1346.006
1354.7844
1356.348
1369.7432
1367.5687
1359.6937
1358.769
1365.5801
1362.7745
1377.5002
1369.7255
1363.5707
1357.3938
1350.8573
1354.8702
1358.1412
1356.535
1341.7482
1336.3104
1335.072
1346.6683
1345.22
1345.0557
1345.3408
1344.3081
1352.2595
1351.7074
1355.3922
1355.1384
1361.7655
1355.061
1352.7733
1356.3975
1337.7411
1330.9924
1335.603
1335.9694
1336.0872
1322.636
1326.5573
1330.9863
1330.7866
1320.2573
1326.9275
1335.5557
1334.5796
1341.3008
1342.5823
1350.8804
1342.1241
1342.8451
1339.1923
1331.7184
1344.4535
1348.248
1337.3518
1320.6033
1320.994
1337.0123
1336.56
1324.9417
1306.773
1309.9121
1303.64
1305.6501
1306.2117
1298.2633
1296.0973
1292.0979
1310.7439
1304.9458
1307.2377
1306.5529
1309.3295
1323.7107
1312.2203
1325.0905
1317.1257
1303.4872
1319.4916
1327.1885
1325.3003
1308.9314
1300.3425
1294.6476
1303.3236
1304.1835
1290.361
1304.902
1314.8258
1308.5469
1307.9175
1298.3235
1295.7555
1293.1606
1279.3926
1299.7339
1317.2135
1305.8971
1315.5632
1305.1001
1314.9702
1309.8217
1301.343
1281.8495
1291.3573
1313.7291
1297.8756
1294.2725
1296.6013
1289.6859
1300.7328
1287.5028
1292.8281
1300.8712
1295.7504
1294.904
1298.5555
1294.3063
1298.0796
1296.977
1288.1268
1297.0774
1285.1833
1277.6732
1294.7502
1287.2893
1310.7769
1319.5869
1306.4478
1296.6333
1284.3115
1282.6667
1278.6643
1282.4579
1287.3105
1297.4148
1303.6559
1305.5278
1309.6244
1304.9436
1300.8019
1291.3899
1290.3972
1290.5516
1287.5146
1282.8711
1297.1161
1295.1443
1298.8715
1288.7623
1277.19
1287.065
1280.8721
1264.7615
1268.9293
1280.5125
1280.1405
1273.4098
1278.1339
1280.174
1294.3572
1285.3584
1282.0123
1291.5337
1279.8733
1267.4463
1271.7677
1268.2964
1273.8741
1285.3507
1267.3658
1274.3726
1278.4722
1291.2981
1290.1981
1292.5775
1289.5765
1289.2308
1278.6312
1288.9788
1295.7166
1298.5554
1300.3035
1290.9414
1284.9153
1278.8439
1284.3043
1295.1304
1297.8853
1305.3053
1299.0701
1284.6179
1274.055
1275.0343
1278.8678
1279.859
1285.013
1281.0396
1273.7676
1275.0033
1267.3605
1276.7015
1285.8986
1283.7705
1292.3744
1301.8442
1290.603
1289.6284
1277.9309
1271.2197
1272.571
1265.3335
1267.7416
1277.6663
1281.0931
1260.1017
1272.1002
1275.1605
1265.7968
1284.6046
1291.9224
1287.1229
1280.5681
1273.805
1266.3706
1247.5099
1268.5886
1266.4586
1258.421
1264.4573
1259.7451
1271.5653
1274.6527
1268.3616
1295.1871
1289.0281
1286.7207
1294.2711
1296.819
1291.9883
1291.9261
1282.9751
1280.2924
1274.7506
1279.6982
1273.6255
1287.1736
1292.9104
1286.8762
1299.9386
1295.4927
1286.8295
1277.3105
1290.0728
1289.7086
1284.3704
1286.8365
1290.5764
1292.0367
1282.1398
1292.9675
1287.6932
1288.8514
1290.4359
1286.7811
1280.6787
1282.9113
1287.3911
1293.0491
1284.7736
1287.1803
1283.597
1286.1956
1280.9177
1299.7421
1274.6765
1281.5255
1286.3662
1281.9675
1292.4999
1272.9178
1281.3982
1293.2627
1290.3972
1279.5996
1272.4691
1266.3998
1272.9469
1275.4915
1265.8591
1260.9819
1278.0022
1288.4567
1289.8813
1290.4988
1279.0643
1269.5151
1295.6138
1292.2744
1297.513
1289.7639
1285.1139
1267.9902
1266.7736
1259.2703
1259.0863
1275.8052
1284.3557
1275.6279
1271.9097
1278.0083
1287.8159
1301.9663
1280.1487
1283.7788
1295.8702
1294.8688
1287.6655
1284.4463
1280.6451
1279.8351
1279.8169
1285.4413
1285.0906
1271.8727
1279.8728
1274.0127
1269.1218
1260.0646
1253.2302
1264.5364
1263.3105
1280.6713
1287.1262
1286.107
1270.8695
1280.0801
1282.2722
1283.9006
1281.7311
1276.9512
1266.9131
1263.4554
1260.4158
1267.2184
1274.697
1297.5648
1311.4459
1293.1633
1279.7471
1277.7523
1273.4049
1288.8787
1275.199
1279.7382
1295.3651
1301.0826
1298.3842
1285.2584
1279.6533
1277.6481
1276.8947
1281.0939
1277.3632
1277.5237
1274.1805
1279.8148
1274.4288
1272.5543
1269.0382
1268.4786
1297.7373
1292.1393
1295.9072
1296.7854
1291.0106
1310.6793
1301.1923
1296.2985
1286.0222
1279.4575
1278.2372
1288.3059
1281.3749
1276.7092
1286.8594
1302.1868
1288.7739
1279.4504
1261.9706
1258.8132
1272.8065
1298.4387
1283.5544
1289.4507
1275.6835
1283.1459
1291.5103
1297.1062
1289.2472
1292.2762
1290.742
1292.9534
1283.2412
1290.0278
1298.3427
1286.5988
1296.3951
1302.4319
1306.4825
1298.0532
1284.9316
1291.8616
1296.4604
1287.9143
1281.8206
1271.5837
1264.27
1265.4722
1274.802
1276.0594
1271.9124
1272.5259
1273.778
1284.359
1276.9122
1282.786
1286.8916
1282.5071
1280.4823
1283.7122
1290.3314
1269.7285
1270.688
1260.9287
1282.8774
1272.2974
1258.5814
1252.2583
1253.61
1267.0334
1251.3053
1270.771
1267.0763
1265.6194
1250.3717
1261.05
1270.532
1276.2203
1279.2666
1289.0616
1275.12
1281.9408
1266.5232
1264.046
1262.6235
1255.4717
1268.3789
1267.1749
1258.4258
1254.2544
1246.4199
1251.7439
1260.9702
1248.7561
1256.67
1246.0835
1261.4314
1266.0513
1260.1089
1257.6532
1263.7133
1248.0648
1246.2443
1257.0098
1275.562
1282.4023
1259.9941
1262.4358
1277.5935
1277.1165
1278.2175
1273.8401
1254.4075
1248.3083
1253.7853
1243.2224
1261.8488
1270.9832
1263.9839
1257.5621
1267.4073
1270.1149
1269.1061
1276.523
1289.4545
1282.28
1269.1516
1257.4584
1257.3248
1260.7863
1262.4666
1263.113
1255.3086
1258.9637
1260.6411
1264.308
1262.0149
1260.079
1265.633
1270.0065
1274.4795
1282.5989
1275.6638
1271.6239
1266.1284
1269.1123
1280.4897
1281.6685
1276.529
1286.5571
1283.0232
1274.1155
1295.5115
1282.6473
1271.8253
1263.7239
1266.138
1270.7638
1240.9814
1247.0585
1251.254
1249.5347
1266.2129
1260.0776
1250.0062
1245.5994
1215.8722
1228.571
1229.49
1257.7202
1257.9084
1248.381
1264.8063
1260.6031
1274.1157
1275.7515
1258.2297
1261.6627
1266.239
1258.6604
1270.5764
1261.4344
1253.5094
1259.1965
1260.1304
1264.6392
1267.6453
1266.287
1268.5625
1260.9576
1252.8344
1258.7325
1235.0718
1261.9303
1256.9346
1246.221
1228.9984
1234.042
1243.5565
1250.4874
1254.7148
1259.5527
1240.6993
1243.0266
1257.6626
1265.1472
1283.4419
1293.6449
1298.9994
1287.8297
1265.499
1280.9657
1270.9689
1282.6449
1272.7727
1257.4338
1273.8638
1275.283
1269.7336
1276.4803
1258.7205
1245.4968
1243.998
1235.0398
1244.6354
1253.2208
1286.0214
1286.1351
1279.4106
1277.3158
1260.5092
1282.828
1277.223
1261.868
1252.322
1257.4872
1259.8262
1244.2833
1246.3173
1259.7864
1249.6067
1250.0061
1236.7195
1245.248
1249.4664
1240.4396
1241.0354
1249.9749
1256.051
1260.417
1258.9977
1256.9468
1252.0204
1246.4559
1240.0012
1242.0955
1254.7372
1243.097
1246.2291
1247.7045
1248.748
1247.3076
1266.6407
1266.2706
1262.2888
1265.1134
1259.3912
1252.2434
1259.1768
1282.5724
1277.254
1261.8484
1265.0061
1264.8618
1255.6005
1256.9615
1257.0122
1267.8489
1260.2327
1249.9683
1260.2278
1249.4987
1248.2659
1242.8408
1253.6633
1260.4421
1249.6431
1239.1935
1238.4218
1258.5743
1255.5192
1263.901
1249.5687
1252.0371
1252.6395
1265.5149
1263.3545
1252.9663
1250.1821
1253.9838
1259.9556
1252.3704
1246.2976
1247.5648
1248.1019
1242.2455
1252.5012
1240.2297
1244.1036
1236.293
1265.9891
1267.6174
1254.1239
1252.2601
1268.5854
1255.2448
1271.3639
1270.0027
1269.0009
1253.0988
1263.313
1257.3832
1266.8235
1263.5225
1275.6182
1280.0266
1266.6206
1264.6088
1268.7201
1259.6295
1267.5751
1265.7664
1289.2316
1261.2909
1255.9474
1260.0929
1267.4825
1266.7576
1263.0616
1255.9587
1274.6141
1274.7659
1271.8372
1274.5065
1256.894
1254.5988
1270.0875
1276.2888
1270.4216
1268.8054
1265.5312
1280.2754
1276.1581
1271.416
1266.103
1282.4491
1270.0968
1288.9354
1276.4144
1274.9772
1262.0492
1262.052
1263.3248
1259.5203
1253.0579
1248.4626
1234.421
1244.9185
1257.7518
1262.1415
1268.8467
1264.5277
1260.2346
1253.3806
1248.307
1242.8978
1256.9459
1261.2965
1265.3026
1264.2045
1260.5055
1262.8063
1257.6061
1247.5366
1243.3813
1248.4622
1243.0868
1235.921
1228.8782
1242.4406
1257.1057
1251.2909
1248.6724
1260.2804
-------Best per generation--------
1231.8755
1231.8755
1231.8755
1231.8755
1231.8755
1209.4612
1209.4612
1209.4612
1209.4612
1209.4612
1209.4612
1209.4612
1209.4612
1209.4612
1209.4612
1209.4612
1209.4612
1209.4612
1198.4586
1181.2148
1181.2148
1181.2148
1181.2148
1181.2148
1181.2148
1181.2148
1181.2148
1181.2148
1181.2148
1181.2148
1181.2148
1181.2148
1181.2148
1181.2148
1181.2148
1181.2148
1181.2148
1181.2148
1181.2148
1181.2148
1181.169
1181.169
1181.169
1141.914
1141.914
1141.914
1141.914
1141.914
1141.914
1141.914
1141.914
1141.914
1141.914
1139.5059
1139.5059
1139.5059
1139.5059
1139.5059
1139.5059
1103.836
1103.836
1103.836
1103.836
1095.2516
1095.2516
1095.2516
1095.2516
1095.2516
1095.2516
1095.2516
1095.2516
1095.2516
1095.2516
1095.2516
1095.2516
1095.2516
1067.4622
1067.4622
1067.4622
1067.4622
1067.4622
1067.4622
1067.4622
1053.2097
1053.2097
1053.2097
1053.2097
1053.2097
1053.2097
1053.2097
1053.2097
1053.2097
1053.2097
1053.2097
1053.2097
1017.5476
1017.5476
1017.5476
1017.5476
1017.5476
1017.5476
1017.5476
1002.4842
1002.4842
1002.4842
1002.4842
1002.4842
1002.4842
1002.4842
1002.4842
1002.4842
1002.4842
1002.4842
1002.4842
1002.4842
990.84045
990.84045
990.84045
990.84045
990.84045
990.84045
990.84045
990.84045
975.6716
975.6716
975.6716
975.6716
975.6716
975.6716
975.6716
975.6716
975.6716
975.6716
975.6716
975.6716
975.6716
975.6716
926.5884
926.5884
926.5884
926.5884
926.5884
926.5884
926.5884
926.5884
926.5884
926.4291
926.4291
926.4291
926.4291
919.4426
919.4426
910.3999
910.3999
910.3999
910.3999
910.3999
910.3999
908.08923
895.2747
895.2747
895.2747
895.2747
895.2747
889.7265
889.7265
889.7265
863.5379
863.5379
863.5379
863.5379
863.5379
852.9292
852.9292
852.9292
852.9292
852.9292
852.9292
852.9292
852.9292
852.9292
852.9292
852.9292
852.9292
849.2303
834.1626
830.4147
830.4147
830.4147
830.4147
830.4147
819.37177
819.37177
819.37177
819.37177
819.37177
819.37177
819.37177
819.37177
819.37177
819.37177
816.559
816.559
805.42303
805.42303
805.42303
805.42303
805.42303
805.42303
805.42303
800.76807
800.76807
800.76807
796.3688
788.70264
788.70264
788.70264
788.70264
788.70264
788.70264
785.44855
785.44855
785.44855
774.89294
774.89294
774.89294
774.89294
754.0518
754.0518
754.0518
745.4215
745.4215
745.4215
737.5067
737.5067
737.5067
737.5067
737.5067
737.5067
737.5067
731.9065
731.9065
731.9065
731.9065
715.8221
715.8221
715.8221
715.8221
715.8221
715.8221
714.623
714.623
714.623
714.623
711.4828
711.4828
711.4828
711.4828
711.4828
711.4828
693.74274
693.74274
693.74274
693.74274
693.74274
693.74274
693.74274
693.74274
692.9132
692.9132
692.9132
692.9132
692.9132
692.9132
692.9132
692.9132
692.9132
679.8486
674.5052
674.5052
674.5052
674.5052
674.5052
674.5052
674.5052
674.5052
674.5052
674.5052
674.5052
661.21497
661.21497
661.21497
661.21497
661.21497
661.21497
661.21497
661.21497
661.21497
661.21497
658.5803
658.5803
656.4926
656.4926
656.4926
656.4926
656.4926
656.4926
656.4926
656.4926
654.22595
654.22595
654.22595
654.22595
643.6472
643.6472
643.6472
643.6472
643.6472
643.6472
643.6472
643.6472
640.4126
640.4126
640.4126
640.4126
640.4126
640.4126
640.4126
638.9819
638.9819
638.9819
638.9819
638.9819
638.9819
638.9819
638.9819
638.9819
636.29816
636.29816
636.29816
630.48615
630.48615
630.48615
630.48615
627.0604
627.0604
627.0604
627.0604
627.0604
627.0604
627.0604
627.0604
627.0604
627.0604
627.0604
627.0604
627.0604
627.0604
624.98157
615.6708
615.6708
615.6708
615.6708
615.6708
615.6708
615.6708
612.24506
612.24506
612.24506
612.24506
612.24506
612.24506
612.24506
612.24506
612.24506
612.24506
610.1253
606.6995
606.6995
606.6995
606.6995
606.6995
606.6995
606.6995
606.6995
606.6995
606.6995
606.6995
606.6995
606.6995
606.6995
606.6995
606.6995
606.6995
606.6995
606.6995
606.6995
606.6995
606.6995
606.6995
606.6995
606.6995
595.81824
595.81824
595.81824
595.81824
595.81824
592.3925
592.3925
592.3925
592.3925
592.3925
592.3925
592.3925
592.3925
592.3925
592.3925
592.3925
592.3925
592.3925
592.3925
592.3925
592.3925
592.3925
592.3925
592.3925
592.3925
592.3925
592.3925
592.3925
592.3925
592.3925
592.3925
592.3925
592.3925
588.5014
588.5014
588.5014
588.5014
588.5014
588.5014
588.5014
588.5014
588.5014
588.5014
588.5014
588.5014
588.5014
588.5014
588.5014
588.5014
588.5014
588.5014
588.5014
588.5014
588.5014
588.5014
588.5014
588.5014
588.5014
588.5014
588.5014
588.5014
588.5014
588.5014
588.5014
588.5014
588.5014
588.5014
588.5014
588.5014
580.0111
580.0111
580.0111
580.0111
580.0111
580.0111
580.0111
580.0111
580.0111
580.0111
580.0111
580.0111
580.0111
580.0111
580.0111
580.0111
580.0111
580.0111
580.0111
580.0111
580.0111
580.0111
580.0111
580.0111
580.0111
580.0111
580.0111
580.0111
580.0111
580.0111
580.0111
580.0111
580.0111
580.0111
580.0111
580.0111
580.0111
580.0111
580.0111
580.0111
580.0111
580.0111
579.2944
579.2944
579.2944
579.04004
579.04004
579.04004
579.04004
579.04004
579.04004
579.04004
579.04004
579.04004
579.04004
579.04004
579.04004
579.04004
579.04004
579.04004
579.04004
579.04004
579.04004
578.3233
578.3233
578.3233
578.3233
578.3233
578.3233
578.3233
578.3233
578.3233
578.3233
578.3233
578.3233
578.3233
578.3233
578.3233
578.3233
578.3233
578.3233
578.3233
578.3233
578.3233
578.3233
578.3233
578.3233
578.3233
578.3233
578.3233
578.3233
578.3233
578.3233
578.3233
578.3233
578.3233
578.3233
578.3233
578.3233
578.3233
578.3233
578.3233
578.3233
578.2866
578.2866
578.2866
578.2866
578.2866
578.2866
578.2866
578.2866
578.2866
578.2866
578.2866
578.2866
578.2866
578.2866
578.2866
578.2866
578.2866
578.2866
578.2866
578.2866
576.1002
576.1002
576.1002
576.1002
576.1002
576.1002
576.1002
576.1002
576.1002
576.1002
576.1002
576.1002
574.1962
574.1962
574.1962
574.1962
574.1962
574.1962
574.1962
574.1962
574.1962
574.1962
574.1962
574.1962
574.1962
572.00977
572.00977
572.00977
572.00977
572.00977
572.00977
565.18365
565.18365
565.18365
565.18365
565.18365
565.18365
565.18365
565.18365
565.18365
565.18365
565.18365
565.18365
565.18365
565.18365
565.18365
565.18365
563.27966
561.0932
561.0932
561.0932
561.0932
561.0932
561.0932
561.0932
561.0932
556.9675
556.9675
556.9675
556.9675
556.9675
556.9675
556.9675
556.9675
556.9675
556.9675
556.9675
549.9971
549.9971
549.9971
549.9971
549.9971
549.9971
549.9971
549.9971
549.9971
549.9971
549.9971
542.36273
542.36273
542.36273
542.36273
542.36273
542.36273
542.36273
542.36273
542.36273
542.36273
542.36273
542.36273
542.36273
542.36273
542.36273
542.36273
542.36273
542.36273
542.36273
542.36273
542.36273
542.36273
542.36273
542.36273
542.36273
542.36273
542.36273
542.36273
542.36273
542.36273
542.36273
542.36273
542.36273
542.36273
542.36273
542.36273
542.36273
542.36273
542.36273
542.36273
542.36273
542.36273
542.36273
542.36273
542.36273
542.36273
542.36273
542.36273
542.36273
542.36273
542.36273
542.36273
542.36273
542.36273
542.36273
542.36273
542.36273
542.36273
542.36273
542.36273
542.36273
542.36273
530.84564
530.84564
530.84564
530.84564
530.84564
530.84564
530.84564
530.84564
530.84564
530.84564
530.84564
530.84564
530.84564
530.84564
530.84564
530.84564
530.84564
530.84564
530.84564
530.84564
530.84564
530.84564
530.84564
530.84564
530.84564
530.84564
530.84564
530.84564
530.84564
530.84564
530.84564
530.84564
530.84564
530.84564
530.84564
530.84564
530.84564
530.84564
530.84564
530.84564
529.13495
529.13495
529.13495
529.13495
529.13495
529.13495
529.13495
529.13495
529.13495
529.13495
529.13495
529.13495
529.13495
529.13495
529.13495
529.13495
529.13495
529.13495
529.13495
529.13495
529.13495
529.13495
529.13495
529.13495
529.13495
529.13495
529.13495
529.13495
529.13495
529.13495
529.13495
529.13495
529.13495
529.13495
529.13495
529.13495
529.13495
529.13495
529.13495
529.13495
529.13495
529.13495
529.13495
529.13495
529.13495
529.13495
529.13495
529.13495
529.13495
529.13495
529.13495
529.13495
529.13495
529.13495
529.13495
529.13495
529.13495
529.13495
529.13495
529.13495
529.13495
529.13495
529.13495
529.13495
529.13495
529.13495
529.13495
529.13495
529.13495
529.13495
529.13495
529.13495
529.13495
529.13495
529.13495
529.13495
529.13495
529.13495
529.13495
529.13495
529.13495
529.13495
529.13495
529.13495
529.13495
529.13495
529.13495
529.13495
529.13495
529.13495
529.13495
529.13495
529.13495
529.13495
529.13495
529.13495
529.13495
529.13495
529.13495
529.13495
529.13495
529.13495
529.13495
529.13495
529.13495
529.13495
529.13495
529.13495
529.13495
529.13495
529.13495
529.13495
529.13495
529.13495
529.13495
529.13495
529.13495
529.13495
529.13495
529.13495
529.13495
529.13495
529.13495
529.13495
529.13495
523.6492
523.6492
523.6492
523.6492
523.6492
523.6492
521.5245
521.5245
521.5245
521.5245
521.5245
521.5245
521.5245
521.5245
521.5245
521.5245
521.5245
521.5245
516.03864
516.03864
516.03864
516.03864
516.03864
516.03864
516.03864
516.03864
516.03864
516.03864
516.03864
516.03864
516.03864
516.03864
516.03864
516.03864
516.03864
516.03864
516.03864
516.03864
516.03864
516.03864
516.03864
516.03864
516.03864
516.03864
516.03864
516.03864
516.03864
516.03864
516.03864
516.03864
516.03864
516.03864
516.03864
516.03864
516.03864
516.03864
516.03864
516.03864
516.03864
515.4775
515.4775
515.4775
515.4775
515.4775
515.4775
515.4775
515.4775
515.4775
515.4775
515.4775
515.4775
515.4775
515.4775
515.4775
515.4775
515.4775
515.4775
515.4775
515.4775
515.4775
515.4775
515.4775
515.4775
515.4775
515.4775
515.4775
515.4775
515.4775
515.4775
515.4775
515.4775
515.4775
515.4775
515.4775
515.4775
515.4775
515.4775
515.4775
515.4775
515.4775
511.02463
EOF
