File: test2.txt
------------Properties------------
Number of cities: 51
Number of chromosomes: 1000
Number of generations: 1000
Tournament candidates: 3
Crossover type: UOX with bitmask
Crossover rate: 90%
Mutation type: Scramble
Mutation rate: 10%
--------------Results-------------
Average distance of first generation: 1620.1729
Average distance of last generation: 1305.2792
Best distance of first generation: 1273.9562
Best distance of last generation: 749.20715
------Average per generation------
1620.1729
1583.0375
1568.5745
1557.2648
1547.0116
1541.6163
1531.0515
1532.8878
1522.8826
1516.763
1514.3365
1509.1597
1502.7924
1499.0536
1498.2423
1495.1678
1485.3638
1484.2985
1479.0673
1476.5614
1480.4801
1481.9257
1480.1184
1476.509
1470.1195
1476.7524
1474.9675
1470.3114
1479.4937
1468.6932
1466.5753
1463.0953
1463.991
1458.281
1460.0455
1460.8317
1461.4183
1461.9883
1463.6664
1459.0704
1462.0714
1458.5449
1462.9221
1459.1007
1458.2592
1464.8228
1465.7483
1462.9756
1455.2882
1455.3601
1450.4883
1454.9357
1455.6139
1454.556
1455.7594
1457.3933
1454.7198
1443.0015
1448.2222
1453.0717
1446.3291
1444.4774
1445.3348
1450.8911
1445.883
1442.4617
1444.3083
1441.6412
1449.3157
1445.6958
1444.0004
1446.1572
1449.0013
1451.249
1439.6508
1433.9083
1444.6343
1447.6694
1446.5261
1449.0345
1439.924
1444.6996
1438.6372
1446.7345
1450.6587
1449.9695
1448.0306
1442.6417
1444.2152
1435.6885
1443.9591
1444.2914
1445.0593
1433.9314
1433.1777
1426.2355
1424.1096
1432.0305
1426.7393
1427.815
1427.7933
1430.6458
1432.8557
1427.0492
1425.5881
1433.4348
1421.5503
1424.6536
1430.5499
1427.4409
1424.4724
1424.3542
1424.0955
1424.9648
1423.2954
1425.686
1432.8365
1427.0397
1420.9943
1411.1636
1412.8993
1411.0493
1414.6981
1417.5779
1409.0815
1415.5126
1415.8245
1413.0183
1413.4288
1410.5905
1411.0222
1404.3132
1412.353
1415.4594
1417.8811
1415.8384
1416.363
1402.5957
1391.4215
1392.0254
1402.288
1405.8014
1405.7665
1405.465
1400.5117
1399.3582
1404.4243
1402.5312
1402.4639
1396.0907
1399.7914
1395.2299
1401.763
1395.1898
1403.0872
1392.1057
1392.3168
1391.9608
1394.4745
1391.8438
1395.2651
1385.289
1401.1317
1401.6047
1396.1947
1395.7413
1390.4521
1387.432
1388.3589
1385.9963
1389.6532
1382.2231
1382.4728
1386.5709
1380.0193
1388.2278
1371.6299
1384.2168
1387.828
1387.7826
1384.594
1385.5851
1384.687
1387.6553
1387.4518
1390.1272
1391.4077
1393.0286
1386.336
1382.9575
1372.7346
1374.4115
1378.4697
1377.0394
1381.1268
1388.1958
1387.9902
1393.0361
1393.9487
1398.1267
1397.8682
1383.229
1378.7585
1381.2308
1375.7836
1388.7559
1384.171
1388.3356
1377.2513
1378.4685
1370.9335
1369.3159
1380.52
1380.1017
1377.382
1379.374
1380.3514
1374.5735
1376.2556
1372.8732
1367.6238
1358.4923
1366.6063
1378.3351
1374.5507
1373.1495
1368.6034
1364.8903
1361.5259
1360.9337
1369.189
1368.7501
1362.8654
1370.756
1375.2092
1375.4205
1370.1237
1367.8801
1361.5417
1367.1376
1356.1165
1356.3116
1365.0549
1363.3381
1349.1222
1357.2039
1353.9673
1361.2664
1349.3545
1358.0101
1346.5177
1344.37
1342.5613
1350.946
1354.296
1356.2935
1357.3015
1359.4172
1360.7161
1352.8319
1352.2489
1359.9169
1355.4137
1353.933
1351.3506
1350.3308
1352.8574
1355.5857
1343.606
1344.77
1362.6986
1354.7755
1354.284
1353.2697
1348.8889
1353.1545
1346.9989
1346.2146
1351.9529
1353.8612
1356.378
1354.554
1363.3822
1362.1489
1356.1237
1352.367
1350.22
1351.4523
1349.1263
1341.8939
1337.8301
1338.6522
1349.2837
1350.3761
1349.0424
1349.107
1348.9695
1355.5947
1349.0022
1355.6368
1356.1761
1333.5907
1337.8685
1340.8267
1347.2102
1344.0591
1342.4044
1348.1587
1348.5198
1347.2812
1341.85
1349.5956
1353.5201
1355.2089
1346.5776
1346.4822
1347.0282
1342.0112
1340.4512
1336.7289
1345.3221
1351.0393
1338.9025
1332.7603
1342.0519
1347.9458
1340.0101
1341.111
1348.7876
1346.4264
1348.4866
1343.67
1352.0542
1345.9393
1339.4679
1348.9824
1352.0376
1345.1565
1345.9698
1336.2861
1335.9022
1336.0267
1336.7184
1351.751
1349.9764
1354.2244
1338.8026
1338.8625
1342.4896
1335.7445
1344.9479
1335.5298
1329.2644
1329.3514
1324.3964
1329.0625
1342.2656
1336.733
1330.8687
1339.8473
1337.9965
1340.5824
1334.6908
1334.7219
1321.6478
1321.6621
1328.4528
1318.8153
1319.6615
1334.7322
1339.0844
1333.2186
1323.3383
1329.4044
1323.6705
1322.3003
1316.7211
1332.4329
1332.8937
1336.0723
1330.0972
1334.519
1340.5925
1331.0317
1331.6079
1338.54
1333.604
1337.2372
1345.2714
1345.3422
1342.4109
1331.2494
1335.2726
1327.4393
1330.1337
1324.7059
1323.3329
1331.0051
1331.4989
1336.2314
1332.1393
1318.0966
1315.1427
1323.4164
1323.4751
1317.6538
1326.289
1324.885
1322.3811
1323.8972
1326.3274
1321.9456
1322.9563
1312.2179
1318.0055
1319.0719
1323.2808
1328.9344
1322.8718
1322.1582
1319.4806
1336.8645
1326.563
1333.1598
1322.2799
1323.8936
1322.9479
1341.7916
1337.5217
1318.6343
1310.9307
1311.892
1316.6206
1330.4316
1323.4948
1314.0103
1321.8527
1331.8434
1314.1482
1308.0762
1323.3389
1336.2144
1326.4487
1334.1726
1334.7516
1338.346
1333.2079
1330.071
1334.0719
1331.107
1347.0447
1343.7056
1340.369
1350.6802
1333.719
1325.1733
1315.5267
1318.7686
1311.8711
1322.8022
1318.3022
1316.8817
1322.2614
1314.7307
1310.0638
1319.2565
1301.8661
1313.4178
1323.3198
1320.2511
1314.4409
1312.8264
1317.362
1311.0719
1317.4259
1320.9409
1322.4486
1318.6359
1316.6394
1323.0889
1329.9844
1318.0863
1314.2014
1308.3916
1322.4271
1328.4412
1319.147
1321.295
1317.3555
1311.6117
1310.5027
1323.6985
1317.1638
1324.7362
1318.802
1313.5917
1321.2457
1323.7098
1335.8975
1322.0282
1323.5415
1318.469
1320.2709
1330.6796
1332.6074
1326.2495
1309.8181
1302.0314
1324.253
1319.8354
1339.0295
1332.7906
1324.1046
1323.1469
1325.378
1312.3853
1311.8097
1338.4392
1318.5353
1321.9719
1320.0184
1312.0156
1311.8646
1311.8788
1309.514
1304.9926
1326.9927
1321.483
1316.6873
1308.086
1308.01
1313.1003
1325.4462
1323.5027
1316.1959
1318.3717
1319.721
1316.8352
1313.4348
1319.6454
1318.6455
1323.121
1320.4146
1316.6854
1324.7626
1313.2806
1310.8225
1321.1682
1313.6866
1317.26
1315.9955
1313.0427
1311.3483
1309.2522
1325.9379
1326.733
1321.5166
1323.9073
1312.0945
1324.9886
1329.6045
1321.8093
1315.5714
1305.939
1299.3414
1288.3182
1320.9348
1312.0778
1317.4312
1319.4656
1312.6655
1311.6587
1324.4125
1323.0841
1320.7947
1315.8977
1311.6335
1318.1127
1319.3578
1304.8499
1301.9097
1311.522
1320.386
1314.1625
1303.3322
1303.0857
1316.4513
1317.6708
1324.4822
1320.559
1334.0609
1337.0481
1332.3939
1327.9673
1315.5592
1313.5764
1329.3003
1328.177
1322.6007
1320.4613
1316.6763
1316.4866
1321.7529
1316.6642
1314.038
1312.2905
1308.9115
1311.7026
1316.4459
1307.7089
1312.852
1321.3497
1325.1866
1316.0029
1311.7438
1309.5109
1322.932
1327.5371
1315.6864
1314.012
1316.456
1306.057
1317.987
1312.7386
1301.3765
1305.9702
1300.062
1307.4685
1313.3094
1312.9822
1309.5925
1305.9199
1305.4225
1319.815
1322.1478
1312.3322
1312.7914
1306.3601
1298.721
1296.9963
1304.959
1312.7692
1313.3938
1327.7362
1317.2703
1310.8765
1323.0908
1302.2012
1316.2949
1315.3296
1320.6447
1341.6084
1322.9835
1320.0911
1316.2534
1317.5367
1332.6722
1315.0692
1320.7714
1309.7308
1304.0504
1317.9772
1302.4302
1314.1558
1306.8037
1306.9714
1315.8036
1309.9313
1304.1892
1326.3967
1319.723
1308.9832
1302.9661
1289.6259
1298.8383
1305.895
1312.2195
1319.6295
1314.2463
1312.4832
1322.6075
1310.3623
1306.2036
1310.5068
1311.2097
1317.2727
1323.6719
1308.9807
1296.6383
1300.4022
1312.0419
1317.8528
1307.5159
1307.9843
1299.5602
1302.8545
1307.1987
1311.2612
1305.6066
1307.4807
1306.6437
1310.1499
1301.7946
1310.5414
1297.6383
1302.4603
1290.5763
1301.0491
1294.7566
1306.4955
1304.4918
1308.597
1308.1637
1301.4446
1305.5785
1308.4065
1316.6586
1310.3175
1302.5758
1306.8154
1312.3768
1325.8116
1331.6978
1324.6893
1322.3016
1325.4067
1327.7982
1327.276
1307.7256
1321.7341
1318.9358
1326.2742
1326.6039
1311.8165
1310.3394
1302.0848
1298.6365
1325.0386
1313.4941
1296.3104
1311.1602
1320.9924
1298.1987
1304.7238
1311.6726
1318.4266
1314.0372
1316.2748
1325.9373
1316.487
1311.7584
1304.5546
1301.2816
1305.0964
1302.292
1296.6287
1306.5721
1307.423
1289.7377
1294.9316
1303.0375
1310.1512
1295.2533
1307.1595
1313.0559
1319.8942
1307.8248
1307.9409
1305.1206
1315.0881
1316.5056
1305.0082
1312.5964
1312.2168
1325.2273
1324.1454
1330.306
1332.2039
1328.005
1314.515
1317.9215
1325.3146
1324.9512
1322.1232
1314.5894
1316.179
1330.176
1328.1292
1315.5112
1311.6372
1314.8734
1326.9268
1323.6237
1331.5834
1326.6445
1315.952
1306.4382
1304.9692
1306.183
1312.4807
1311.4257
1308.8097
1321.599
1321.4724
1315.3623
1327.5505
1311.087
1313.2744
1308.6832
1310.3583
1310.5015
1302.3649
1297.8076
1309.1536
1284.625
1291.8646
1304.2274
1304.3635
1307.4502
1291.4707
1293.3694
1307.6777
1313.3678
1302.7864
1309.784
1307.8615
1294.4318
1300.4865
1303.396
1314.2356
1310.4235
1303.8915
1304.6814
1314.7402
1311.9906
1311.9137
1292.0176
1300.2639
1328.6093
1316.9995
1311.3115
1313.8171
1316.1501
1295.3783
1301.298
1304.1936
1304.5072
1313.9535
1302.1471
1315.5161
1298.1606
1310.2236
1298.4457
1291.4446
1298.8202
1306.9612
1316.4678
1305.6755
1316.424
1314.7366
1293.9038
1302.1814
1293.014
1299.9497
1317.088
1315.2361
1305.516
1318.1737
1299.7043
1304.1617
1314.6973
1312.5436
1303.886
1316.8615
1328.9773
1332.9371
1331.6553
1321.7252
1323.3021
1310.2484
1305.9434
1312.2438
1297.5596
1300.6069
1310.085
1319.9644
1304.4019
1304.3512
1314.7938
1301.3524
1302.9664
1313.8533
1312.0393
1287.366
1298.3662
1295.2958
1300.2812
1289.7338
1287.5812
1313.1117
1313.4933
1317.6888
1299.9143
1305.9026
1299.1389
1294.2212
1303.6194
1310.1868
1304.6324
1292.9497
1298.2747
1288.0988
1301.0332
1286.0189
1293.7288
1295.7367
1299.2681
1301.4128
1304.3207
1316.7772
1302.3276
1315.1592
1325.3517
1320.1289
1318.8381
1325.1343
1317.0171
1318.9963
1313.9944
1304.8617
1310.4077
1319.8297
1315.197
1313.2178
1301.7748
1312.7208
1303.459
1301.0548
1303.1421
1301.8951
1302.8264
1311.1575
1303.7157
1301.6676
1305.76
1307.0055
1307.2822
1310.667
1302.6887
1299.51
1300.1826
1296.7968
1303.735
1314.722
1302.264
1299.9932
1295.7494
1302.6299
1310.0939
1301.2561
1307.1654
1312.7319
1322.1593
1323.7733
1321.0845
1304.2356
1305.7301
1301.7605
1300.1937
1308.2802
1307.3102
1303.3114
1315.0149
1310.2279
1303.0605
1304.046
1317.5702
1296.9832
1288.946
1306.5059
1314.3673
1296.877
1289.6663
1283.5516
1294.6262
1297.4535
1296.8865
1314.7396
1291.0905
1301.6711
1311.1736
1314.9736
1303.6787
1310.8728
1305.7032
1306.5051
1319.7585
1314.6542
1306.0674
1305.2792
-------Best per generation--------
1273.9562
1273.9562
1273.9562
1273.9562
1273.9562
1258.2571
1258.2571
1258.2571
1258.2571
1258.2571
1258.2571
1258.2571
1258.2571
1205.0247
1205.0247
1205.0247
1205.0247
1205.0247
1205.0247
1205.0247
1204.6077
1204.6077
1204.6077
1204.6077
1204.6077
1204.6077
1204.6077
1204.6077
1204.6077
1195.7394
1195.7394
1195.7394
1185.5088
1185.5088
1185.5088
1185.5088
1185.5088
1185.5088
1185.5088
1185.5088
1185.5088
1185.5088
1161.8593
1161.8593
1161.8593
1161.8593
1161.8593
1161.8593
1161.8593
1161.8593
1161.8593
1161.8593
1161.8593
1161.8593
1161.8593
1159.5962
1159.5962
1159.5962
1159.5962
1159.5962
1147.4584
1147.4584
1147.4584
1144.786
1144.786
1144.786
1144.786
1144.786
1144.786
1144.786
1144.786
1144.786
1144.786
1144.786
1144.786
1144.786
1114.4756
1114.4756
1114.4756
1114.4756
1114.4756
1114.4756
1114.4756
1104.8896
1104.8896
1104.8896
1104.8896
1104.8896
1104.8896
1103.0449
1103.0449
1103.0449
1071.8395
1071.8395
1071.8395
1071.8395
1071.8395
1071.8395
1071.8395
1071.8395
1071.8395
1071.8395
1071.8395
1071.8395
1071.8395
1071.8395
1071.8395
1062.5021
1061.6741
1061.6741
1049.2631
1041.1375
1041.1375
1041.1375
1041.1375
1041.1375
1041.1375
1041.1375
1041.1375
1041.1375
1041.1375
1041.1375
1041.1375
1041.1375
1033.7382
1033.7382
1033.7382
1033.7382
1033.7382
1033.7382
1033.7382
1033.7382
1033.7382
1033.7382
1033.7382
1033.7382
1033.7382
1030.972
1030.972
1024.4666
1020.7988
1020.7988
1020.7988
1020.7988
1020.7988
974.4408
974.4408
974.4408
974.4408
974.4408
974.4408
974.4408
974.4408
974.4408
974.4408
974.4408
974.4408
974.4408
974.4408
974.4408
974.4408
974.4408
974.4408
974.4408
974.4408
971.9888
971.9888
971.9888
971.9888
971.9888
971.9888
964.46814
964.46814
964.46814
964.46814
964.46814
964.46814
964.46814
964.46814
964.46814
964.46814
963.94336
963.94336
963.94336
963.94336
963.94336
963.94336
963.94336
959.2383
959.2383
959.2383
959.2383
959.2383
959.2383
959.2383
959.2383
959.2383
959.2383
959.2383
959.2383
959.2383
958.5554
958.5554
949.98376
949.98376
949.98376
949.98376
949.98376
949.98376
949.98376
949.98376
922.0377
922.0377
922.0377
922.0377
922.0377
922.0377
922.0377
922.0377
922.0377
922.0377
922.0377
922.0377
922.0377
900.8487
900.8487
900.8487
900.8487
900.8487
900.8487
900.8487
900.8487
900.8487
900.8487
900.8487
900.8487
900.8487
900.8487
900.8487
900.8487
900.8487
900.8487
900.8487
900.8487
900.8487
900.8487
900.8487
900.8487
900.8487
900.8487
879.884
879.884
879.884
879.884
879.884
879.884
879.884
879.884
879.884
879.884
879.884
879.884
879.884
879.884
879.884
879.884
879.884
879.884
879.884
879.884
879.884
879.884
879.884
879.884
879.884
879.884
879.884
879.884
879.884
879.884
879.884
879.884
879.884
879.884
879.884
879.884
879.884
879.884
857.1379
857.1379
857.1379
857.1379
857.1379
857.1379
857.1379
857.1379
857.1379
857.1379
857.1379
857.1379
857.1379
857.1379
857.1379
857.1379
857.1379
857.1379
857.1379
857.1379
857.1379
857.1379
857.1379
857.1379
857.1379
857.1379
857.1379
857.1379
857.1379
857.1379
857.1379
857.1379
857.1379
857.1379
857.1379
857.1379
857.1379
857.1379
842.84735
842.84735
842.84735
842.84735
841.47656
841.47656
841.47656
841.47656
841.47656
841.47656
841.47656
841.47656
841.47656
841.47656
841.47656
841.47656
841.47656
841.47656
841.47656
830.3743
830.3743
830.3743
830.3743
830.3743
827.2762
827.2762
827.2762
827.2762
827.2762
827.2762
827.2762
827.2762
827.2762
827.2762
827.2762
827.2762
827.2762
827.2762
827.2762
827.2762
827.2762
827.2762
827.2762
825.993
825.993
825.993
825.993
825.993
825.993
825.993
825.993
825.993
825.993
825.993
825.993
825.993
825.993
825.993
825.993
816.22906
816.22906
816.22906
816.22906
816.22906
816.22906
816.22906
816.22906
816.22906
816.22906
814.94586
814.94586
814.94586
814.94586
814.94586
814.94586
814.94586
814.94586
814.94586
814.94586
814.94586
814.94586
814.94586
814.94586
814.94586
814.94586
814.94586
814.94586
814.94586
814.94586
814.94586
814.94586
814.94586
809.74646
809.74646
809.74646
809.74646
809.74646
809.74646
809.74646
809.74646
809.74646
809.74646
809.74646
809.74646
809.74646
809.74646
809.74646
809.74646
808.29803
798.592
798.592
798.592
798.592
798.592
798.592
798.592
798.592
798.592
798.592
798.592
798.592
798.592
788.952
788.952
788.952
788.952
788.952
788.952
788.952
788.952
788.952
788.952
788.952
788.952
788.952
788.952
787.2637
787.2637
787.2637
787.2637
787.2637
787.2637
787.2637
787.2637
787.2637
787.2637
787.2637
787.2637
787.2637
787.2637
787.2637
787.2637
787.2637
787.2637
787.2637
787.2637
787.2637
784.6115
784.6115
784.6115
784.6115
784.6115
784.6115
784.6115
784.6115
784.6115
784.6115
784.6115
784.6115
784.6115
784.6115
784.6115
784.6115
784.6115
784.6115
784.6115
784.6115
784.6115
784.6115
784.6115
784.6115
784.6115
784.6115
784.6115
784.6115
784.6115
784.6115
784.6115
784.6115
784.6115
784.6115
784.6115
784.6115
784.6115
784.6115
784.6115
784.6115
784.6115
784.6115
784.6115
784.6115
784.6115
784.6115
784.6115
784.6115
784.6115
784.6115
784.6115
784.6115
784.6115
784.6115
784.6115
784.6115
784.6115
784.6115
784.6115
784.6115
784.6115
784.6115
784.6115
784.6115
784.6115
784.6115
784.6115
784.6115
784.6115
784.6115
784.6115
784.6115
784.6115
784.6115
784.6115
784.6115
784.6115
784.6115
784.6115
784.6115
784.6115
784.6115
784.6115
784.6115
784.6115
784.6115
784.6115
784.6115
784.6115
784.6115
784.6115
784.6115
784.6115
784.6115
784.6115
784.6115
784.6115
784.6115
784.6115
784.19604
784.19604
784.19604
784.19604
784.19604
784.19604
784.19604
784.19604
784.19604
784.19604
784.19604
784.19604
784.19604
784.19604
784.19604
784.19604
784.19604
784.19604
784.19604
784.19604
784.19604
784.19604
784.19604
784.19604
784.19604
784.19604
784.19604
784.19604
784.19604
784.19604
784.19604
784.19604
784.19604
784.19604
784.19604
784.19604
784.19604
784.19604
784.19604
784.19604
784.19604
784.19604
784.19604
784.19604
784.19604
784.19604
784.19604
784.19604
784.19604
784.19604
784.19604
784.19604
784.19604
784.19604
784.19604
784.19604
784.19604
784.19604
784.19604
784.19604
784.19604
784.19604
771.79065
771.79065
771.79065
771.79065
771.79065
771.79065
771.79065
771.79065
771.79065
771.79065
771.79065
771.79065
771.79065
771.79065
771.79065
771.79065
771.79065
771.79065
771.79065
771.79065
771.79065
771.77466
771.77466
771.77466
771.77466
771.77466
771.77466
771.77466
771.77466
771.77466
771.77466
771.77466
771.77466
771.77466
771.77466
771.77466
771.77466
771.77466
771.77466
771.77466
771.77466
771.77466
771.77466
771.77466
771.77466
771.77466
771.77466
771.77466
771.77466
771.77466
771.77466
771.77466
771.77466
771.77466
771.77466
771.77466
771.77466
771.77466
771.77466
771.77466
771.77466
771.77466
771.77466
771.77466
771.77466
771.77466
771.77466
771.77466
771.77466
771.77466
771.77466
771.77466
771.77466
771.77466
771.77466
771.77466
771.77466
771.77466
771.77466
771.77466
771.77466
771.77466
771.77466
771.77466
771.77466
771.77466
771.77466
771.77466
771.77466
771.77466
771.77466
771.77466
771.77466
771.77466
771.77466
771.77466
771.77466
771.77466
771.77466
771.77466
771.77466
771.77466
771.77466
771.77466
771.77466
771.77466
771.77466
771.77466
771.77466
771.77466
771.77466
771.77466
771.77466
771.77466
771.77466
771.77466
771.77466
771.77466
771.77466
771.77466
771.77466
771.77466
771.77466
771.77466
771.77466
771.77466
771.77466
771.77466
771.77466
771.77466
771.77466
771.77466
771.77466
771.77466
771.77466
771.77466
771.77466
771.77466
763.1063
763.1063
763.1063
763.1063
763.1063
763.1063
763.1063
763.1063
763.1063
763.1063
763.1063
763.1063
763.1063
763.1063
763.1063
763.1063
763.1063
763.1063
763.1063
763.1063
763.1063
763.1063
763.1063
763.1063
763.1063
763.1063
763.1063
763.1063
763.1063
763.1063
763.1063
763.1063
756.7568
756.7568
756.7568
756.7568
756.7568
756.7568
756.7568
756.7568
756.7568
756.7568
756.7568
756.7568
756.7568
756.7568
756.7568
756.7568
756.7568
756.7568
756.7568
756.7568
756.7568
756.7568
756.7568
756.7568
756.7568
756.7568
756.7568
756.7568
756.7568
756.7568
756.7568
756.7568
756.7568
756.7568
756.7568
756.7568
756.7568
756.7568
756.7568
756.7568
756.7568
756.7568
756.7568
756.7568
756.7568
756.7568
756.7568
756.7568
756.7568
756.7568
756.7568
756.7568
756.7568
756.7568
756.7568
756.7568
756.7568
756.7568
756.7568
756.7568
756.7568
756.7568
756.7568
756.7568
756.7568
756.7568
756.7568
756.7568
756.7568
756.7568
756.7568
756.7568
756.7568
756.7568
756.7568
756.7568
756.7568
756.7568
756.7568
756.7568
756.7568
756.7568
756.7568
756.7568
756.7568
756.7568
756.7568
756.7568
756.7568
756.7568
756.7568
756.7568
756.7568
756.7568
756.7568
756.7568
756.7568
750.98126
750.98126
750.98126
750.98126
750.98126
750.98126
750.98126
750.98126
750.98126
750.98126
750.98126
750.98126
750.98126
750.98126
750.98126
750.98126
750.98126
750.98126
750.98126
750.98126
750.98126
750.98126
750.98126
750.98126
750.98126
750.98126
750.98126
750.98126
750.98126
750.98126
750.98126
750.98126
750.98126
750.98126
750.98126
750.98126
750.98126
750.98126
750.98126
750.98126
750.98126
750.98126
750.98126
750.98126
750.98126
750.98126
750.98126
750.98126
749.20715
749.20715
749.20715
749.20715
749.20715
749.20715
749.20715
749.20715
749.20715
749.20715
749.20715
749.20715
749.20715
749.20715
749.20715
749.20715
749.20715
749.20715
749.20715
749.20715
749.20715
749.20715
749.20715
749.20715
749.20715
749.20715
749.20715
749.20715
749.20715
749.20715
749.20715
749.20715
749.20715
749.20715
749.20715
749.20715
749.20715
749.20715
749.20715
749.20715
749.20715
EOF
