File: test2.txt
------------Properties------------
Number of cities: 51
Number of chromosomes: 1000
Number of generations: 1000
Tournament candidates: 3
Crossover type: PMX
Crossover rate: 100%
Mutation type: Swap
Mutation rate: 0%
--------------Results-------------
Average distance of first generation: 1622.2073
Average distance of last generation: 1254.1078
Best distance of first generation: 1318.6881
Best distance of last generation: 570.4675
------Average per generation------
1622.2073
1592.2988
1576.8165
1565.5934
1561.3918
1559.1959
1555.6272
1553.2781
1547.2899
1547.7415
1545.6434
1541.5931
1538.4434
1535.1149
1535.7893
1538.5138
1533.4751
1532.619
1533.761
1533.4446
1530.5302
1530.6726
1530.5488
1528.8374
1521.8276
1518.4827
1526.0868
1523.0411
1522.4823
1518.4214
1518.6703
1518.2406
1513.5089
1516.7742
1516.0469
1515.931
1515.4626
1511.7919
1510.1902
1512.0742
1508.2245
1511.6926
1508.4023
1510.0272
1505.8645
1506.1803
1507.8005
1501.4434
1503.08
1504.1497
1500.7831
1500.6626
1497.0037
1505.5538
1501.6313
1498.8054
1494.0167
1490.0073
1483.3729
1487.1898
1486.9438
1493.1072
1489.4762
1487.4036
1485.9878
1485.18
1483.8688
1484.2451
1485.5619
1486.2451
1480.1492
1479.2823
1480.3864
1473.9447
1466.8043
1469.6315
1466.5277
1464.689
1460.1454
1462.3154
1462.2306
1458.8329
1453.3456
1451.562
1449.7075
1445.8376
1440.3777
1446.521
1439.9921
1440.7299
1432.948
1428.3785
1427.2589
1428.5615
1432.1606
1434.1111
1434.4154
1429.7688
1434.672
1428.5933
1419.0697
1410.8113
1407.8148
1414.0668
1415.8142
1406.2919
1406.4524
1404.6434
1403.3868
1401.9156
1396.3431
1393.3317
1396.4229
1392.934
1380.1367
1382.4529
1376.3716
1375.238
1370.8939
1359.5326
1361.9274
1360.6882
1359.1361
1358.6299
1357.0145
1363.2776
1357.9777
1362.8342
1359.3353
1371.7626
1382.7218
1378.2214
1379.0607
1373.6187
1361.9781
1362.825
1363.0879
1358.1624
1359.3167
1365.323
1360.7279
1368.252
1362.3109
1356.177
1364.2802
1350.3788
1349.3223
1345.1548
1340.6082
1336.0345
1342.4579
1350.3496
1348.0037
1345.7355
1350.1404
1352.2599
1340.7358
1344.9552
1341.8898
1339.1993
1335.9319
1338.4111
1338.2004
1353.0629
1340.284
1331.7249
1331.0515
1334.9565
1333.1038
1338.8804
1338.8596
1334.7961
1327.7684
1323.3352
1325.7598
1310.9158
1320.567
1326.7567
1339.0929
1337.2365
1325.8523
1336.206
1332.3131
1326.3174
1326.648
1334.602
1333.9653
1326.7898
1327.4607
1333.2067
1325.0431
1324.2339
1320.6465
1325.3491
1327.5918
1338.7166
1330.6841
1322.9452
1321.0911
1317.1442
1317.1216
1310.4077
1310.4094
1307.2952
1311.5492
1302.3319
1310.1289
1305.6628
1301.8934
1301.418
1299.1113
1309.5625
1313.2948
1322.9641
1320.9376
1310.9471
1297.3676
1291.2687
1287.8177
1307.6461
1293.477
1296.7174
1300.8875
1295.5513
1301.2634
1310.367
1305.247
1309.8862
1298.9971
1298.2709
1298.2134
1307.2937
1311.5005
1310.178
1293.0858
1286.2902
1296.6897
1309.017
1310.5697
1305.2219
1317.1113
1313.8755
1311.3743
1301.9056
1309.9108
1302.0762
1289.4905
1294.3801
1285.7438
1291.6097
1288.2072
1287.7465
1287.6195
1293.9181
1293.8082
1297.0209
1298.0977
1309.976
1298.854
1298.2849
1303.5573
1299.9429
1291.2986
1283.9156
1289.8063
1283.4529
1280.8572
1280.1013
1285.1256
1290.9532
1296.9545
1284.8342
1279.8906
1293.2286
1283.0673
1281.2836
1285.4047
1294.1652
1291.2716
1286.2765
1292.9376
1291.3013
1297.3737
1303.6399
1306.1818
1307.5116
1295.9591
1290.3555
1288.4767
1297.6263
1297.3312
1301.0056
1298.8267
1291.6783
1294.5569
1305.5607
1301.4965
1299.0051
1312.7719
1294.6182
1291.9382
1289.1609
1289.2073
1299.477
1289.8527
1305.4191
1301.8384
1302.5681
1311.6586
1300.9042
1285.2153
1273.8198
1263.4152
1272.7534
1279.7279
1282.1093
1291.4504
1281.1527
1291.855
1300.3054
1290.3934
1306.7058
1293.762
1286.7714
1290.878
1294.7495
1296.0184
1301.7267
1297.7715
1292.3088
1286.6394
1286.9542
1298.8674
1300.5013
1299.6458
1315.3262
1308.0851
1322.534
1300.033
1290.9724
1280.3531
1283.9589
1297.4691
1288.4512
1283.4728
1293.9908
1297.2677
1286.8867
1296.233
1293.6652
1292.3835
1286.7347
1272.2144
1283.7157
1279.098
1287.0969
1282.3083
1283.6875
1298.7494
1295.8143
1288.5641
1291.5038
1301.5487
1312.2794
1301.6891
1299.9298
1285.4983
1296.5802
1297.7909
1295.2627
1290.3905
1283.7161
1287.6132
1288.0641
1286.5609
1295.915
1297.4711
1282.4938
1280.7877
1295.017
1301.5497
1309.173
1297.5621
1292.5973
1287.3215
1284.8795
1285.1444
1278.4563
1272.8436
1281.7972
1276.8933
1280.8623
1287.7119
1289.4884
1304.1461
1287.4639
1291.442
1286.5643
1280.515
1289.544
1283.8427
1287.2107
1278.5898
1267.9608
1266.2335
1262.9069
1275.1775
1284.3152
1287.704
1290.9127
1278.6874
1277.4795
1280.6747
1274.4688
1277.6132
1278.4418
1273.7279
1273.086
1273.4685
1260.17
1271.7065
1271.091
1272.6683
1274.8063
1257.3647
1272.3584
1279.5045
1274.0288
1278.1067
1265.5166
1253.7424
1264.2892
1252.3696
1263.7019
1257.4332
1251.7467
1256.2662
1260.0564
1246.9663
1253.9636
1256.5872
1249.0587
1265.4541
1283.6412
1282.5333
1290.9669
1298.0264
1289.8942
1265.2316
1252.9381
1248.4266
1238.6149
1244.1824
1249.3876
1260.3413
1247.6611
1239.4519
1252.6794
1260.784
1279.0768
1265.1954
1258.2953
1259.7754
1263.9418
1277.7341
1266.4681
1279.742
1282.7935
1282.6154
1286.5825
1277.8445
1276.0768
1272.1775
1264.3148
1269.2372
1276.6349
1285.6874
1283.671
1282.3324
1286.5896
1287.9764
1277.3224
1277.1454
1272.6512
1268.2281
1264.461
1283.5381
1267.1136
1249.4656
1256.0052
1266.6842
1267.3027
1270.6688
1260.5985
1254.54
1273.0743
1274.8398
1279.4214
1290.0616
1277.5872
1274.1045
1271.9089
1254.7867
1255.9573
1257.9999
1269.9314
1269.7876
1266.8107
1255.3347
1263.6301
1255.0624
1261.1027
1263.5664
1264.1938
1261.2959
1249.5461
1251.7115
1256.8408
1254.8054
1246.6501
1259.6223
1268.2898
1273.0315
1268.8699
1267.7477
1270.8379
1280.2886
1272.2856
1266.6041
1252.6046
1256.653
1253.9315
1258.2648
1267.6014
1255.6327
1263.594
1262.7555
1274.8612
1269.2047
1269.0071
1259.2286
1267.0414
1263.5812
1268.9674
1278.0428
1270.5933
1266.5508
1266.5359
1250.9923
1252.8064
1252.8347
1256.599
1262.3029
1259.2456
1256.991
1263.9143
1262.2208
1251.585
1258.1019
1260.4294
1267.347
1292.1514
1286.3053
1271.704
1259.5259
1251.4656
1251.8934
1253.6858
1258.7076
1260.9795
1267.1392
1260.09
1262.5785
1270.0353
1269.7313
1280.6571
1280.2998
1274.2953
1264.4751
1272.0996
1272.3108
1262.4144
1259.7264
1255.4543
1266.8436
1277.247
1276.2689
1266.7195
1266.9208
1256.1215
1266.7833
1262.8651
1249.5802
1247.1208
1244.2896
1233.0824
1229.9767
1235.2761
1226.2139
1236.469
1233.1862
1239.8829
1250.178
1257.3873
1271.7245
1263.6576
1249.1465
1251.3325
1252.7468
1267.9043
1268.222
1263.9999
1263.3263
1266.248
1257.0989
1259.9934
1264.5096
1278.834
1285.124
1248.8953
1251.1631
1258.4945
1262.8378
1250.7313
1250.5646
1259.4456
1254.4069
1259.1389
1265.6925
1241.5939
1253.1138
1249.7896
1251.6643
1250.0454
1251.8632
1261.1046
1255.6143
1257.8287
1270.0774
1271.2084
1275.0487
1263.5546
1259.7197
1257.1312
1244.0139
1234.7542
1257.182
1250.3563
1245.8285
1256.7908
1251.7065
1268.1876
1258.932
1242.8092
1251.1936
1246.8575
1224.0779
1233.7003
1255.4724
1257.1005
1271.9827
1263.3075
1276.184
1256.2821
1256.271
1251.0061
1254.4095
1253.4641
1265.9972
1269.6349
1260.8308
1265.7926
1264.8884
1261.4332
1252.7275
1225.2148
1247.2192
1247.8767
1235.8457
1233.844
1235.89
1232.066
1242.8302
1242.6995
1249.9039
1250.5157
1252.6978
1248.3193
1254.4338
1258.5792
1273.2437
1269.313
1262.4272
1246.163
1254.4707
1247.6711
1242.972
1239.6958
1252.5935
1263.2119
1260.6077
1251.849
1243.5061
1266.0773
1254.3805
1260.3871
1269.4528
1257.5823
1266.6155
1264.688
1268.061
1272.0421
1262.7478
1246.6962
1249.1339
1251.2528
1267.5072
1262.9772
1261.095
1252.6615
1247.9363
1242.0073
1253.2445
1241.8008
1240.8241
1252.4567
1257.7406
1249.6937
1241.2886
1262.2776
1267.9169
1251.5403
1243.426
1239.2662
1246.8542
1235.7197
1241.1516
1241.6298
1254.8181
1245.9314
1252.5006
1261.1339
1261.9788
1254.8759
1244.574
1252.6245
1243.0543
1235.8817
1232.2195
1239.0255
1240.2466
1247.585
1260.2686
1263.1415
1261.2147
1274.637
1259.5227
1259.4777
1254.8324
1256.1222
1258.7389
1244.1033
1238.3184
1242.1567
1243.8408
1239.7799
1239.4092
1237.9741
1254.7432
1251.4783
1251.3221
1273.2372
1251.2677
1251.037
1260.2596
1246.9999
1236.6823
1246.7217
1244.8112
1256.6456
1233.8988
1234.8368
1226.3645
1241.2743
1233.8491
1223.465
1233.0608
1239.6533
1243.9277
1252.6835
1253.8883
1242.4347
1257.3037
1248.7065
1244.347
1240.385
1259.2502
1252.209
1249.1207
1245.1908
1260.0034
1269.3578
1253.6674
1249.2673
1247.889
1255.796
1248.8312
1251.5753
1273.9503
1271.2622
1269.5149
1277.2935
1267.6183
1259.014
1257.8148
1246.7112
1251.6973
1256.9707
1245.0319
1262.2771
1266.4229
1262.7456
1260.0342
1253.4218
1255.0321
1256.4055
1259.7987
1270.1079
1274.3447
1258.1868
1249.8346
1242.7114
1258.9628
1255.5309
1254.4932
1239.8191
1257.2261
1256.3855
1245.5219
1242.0133
1235.218
1245.9136
1250.0714
1257.0887
1262.2643
1258.3832
1254.4706
1246.2269
1244.642
1239.4847
1249.1499
1247.3607
1245.1752
1246.7166
1255.2744
1248.9888
1242.2374
1235.4792
1247.0415
1243.1816
1238.8563
1235.6375
1234.5718
1231.9984
1244.3995
1237.6561
1240.7782
1248.7971
1263.6129
1259.5037
1254.0605
1241.4639
1247.9531
1246.0741
1226.6696
1220.3612
1232.3885
1241.6404
1232.1335
1248.0386
1249.8754
1256.3632
1256.5632
1260.9075
1259.3429
1256.6211
1251.5054
1242.9707
1245.7126
1246.6729
1243.2859
1239.4698
1238.4103
1252.7417
1238.8611
1228.627
1231.332
1227.7852
1240.2722
1253.5049
1253.1774
1272.8542
1266.244
1248.5509
1244.6632
1246.5087
1241.5607
1243.9514
1233.9347
1245.4402
1229.856
1238.005
1247.0079
1255.6863
1254.6614
1266.1105
1256.6924
1247.0275
1265.2256
1253.6674
1260.7502
1264.4847
1258.9895
1245.8496
1246.1198
1239.4846
1230.7351
1231.1936
1215.0107
1222.2374
1230.2045
1234.9785
1224.3262
1232.7145
1246.8186
1245.3176
1249.5012
1250.889
1253.7555
1245.7393
1256.6116
1238.7759
1229.8667
1234.1077
1257.7177
1247.9486
1266.4366
1254.295
1248.8527
1242.978
1240.9917
1238.2603
1233.7072
1237.9816
1248.6946
1239.9973
1238.4731
1236.0461
1232.2373
1250.1628
1248.9835
1228.6812
1229.1003
1240.0769
1228.578
1241.365
1238.3384
1237.0173
1234.2373
1245.4027
1259.5085
1251.1538
1257.018
1252.1821
1243.3798
1244.872
1243.1182
1262.6672
1246.835
1239.031
1232.323
1256.0023
1260.1079
1256.2754
1247.1963
1256.8447
1263.1038
1249.4348
1229.5795
1246.9341
1249.8877
1240.0708
1250.2535
1251.149
1258.1497
1249.4265
1243.9069
1239.9186
1243.0438
1254.1078
-------Best per generation--------
1318.6881
1318.6881
1308.8134
1306.5594
1226.4606
1226.4606
1226.4606
1199.0894
1199.0894
1199.0894
1199.0894
1178.4418
1178.4418
1178.4418
1178.4418
1178.4418
1178.4418
1178.4418
1178.4418
1178.4418
1178.4418
1178.4418
1178.4418
1178.4418
1178.4418
1166.8325
1166.8325
1166.8325
1166.8325
1166.8325
1166.8325
1166.8325
1166.8325
1166.8325
1166.8325
1136.7852
1136.7852
1136.7852
1136.7852
1136.7852
1136.7852
1136.7852
1136.7852
1136.7852
1136.7852
1136.7852
1070.521
1070.521
1070.521
1070.521
1070.521
1070.521
1070.521
1070.521
1070.521
1070.521
1070.521
1070.521
1069.8641
1069.8641
1069.8641
1069.8641
1069.2723
1069.2723
1069.2723
1069.2723
1069.2723
1013.8722
1013.8722
1013.8722
1013.8722
1013.8722
1005.4668
1005.4668
1005.4668
1005.4668
1005.4668
998.7358
998.7358
998.7358
998.7358
993.78815
981.81256
981.81256
981.81256
981.81256
969.87366
969.87366
969.87366
943.54803
943.54803
943.54803
943.54803
923.442
923.442
923.442
923.442
923.442
923.442
923.442
922.09454
922.09454
922.09454
922.09454
922.09454
922.09454
922.09454
918.50415
918.50415
918.50415
918.50415
918.50415
918.50415
906.1792
902.09784
902.09784
899.54816
884.4903
884.4903
884.4903
881.87335
864.912
864.912
864.912
864.912
862.7623
861.06995
837.16797
837.16797
837.16797
836.5439
836.5439
814.73627
814.73627
814.73627
814.73627
814.73627
814.73627
814.73627
814.16705
814.16705
814.16705
814.16705
814.16705
814.16705
798.85394
798.85394
798.85394
798.85394
793.02026
792.80316
792.80316
792.80316
792.80316
792.80316
792.80316
792.80316
792.80316
792.80316
792.80316
792.80316
779.88605
779.88605
779.88605
779.88605
779.88605
779.88605
779.88605
769.46576
769.46576
764.0073
764.0073
764.0073
764.0073
764.0073
759.8946
759.8946
759.8946
757.79156
756.30365
754.37036
754.37036
754.37036
754.37036
752.6564
752.6564
744.16644
744.16644
744.16644
744.16644
744.16644
744.16644
742.804
742.804
742.1288
742.1288
742.1288
742.1288
742.1288
741.0547
740.8707
740.8707
740.8707
740.8707
740.8707
740.8707
740.8707
740.8707
740.8707
740.7048
738.74475
738.74475
738.74475
738.74475
738.74475
738.5788
738.5788
738.5788
738.5788
738.5788
738.5788
738.5788
737.6678
737.3851
737.3851
737.3851
737.3851
737.3851
737.3851
737.3851
733.6118
726.25256
726.25256
726.25256
726.25256
726.25256
713.8281
713.8281
713.8281
713.8281
713.8281
713.8281
713.8281
705.15985
705.15985
705.15985
705.15985
705.15985
705.15985
705.15985
705.15985
705.15985
705.15985
705.15985
705.15985
705.15985
702.98474
702.98474
702.98474
702.98474
702.98474
702.98474
702.98474
702.98474
702.98474
702.98474
702.98474
702.98474
702.98474
702.98474
702.98474
702.98474
702.98474
702.98474
702.98474
702.98474
702.98474
702.98474
702.98474
701.049
701.049
701.049
701.049
701.049
701.049
701.049
701.049
701.049
701.049
701.049
701.049
701.049
701.049
701.049
698.64355
698.64355
698.64355
694.5327
694.5327
694.5327
694.5327
694.5327
694.5327
694.5327
694.5327
694.5327
694.5327
694.5327
694.5327
694.5327
694.5327
694.5327
693.02167
693.02167
688.6951
688.6951
688.6951
688.6951
688.6951
688.6951
688.6951
688.6951
688.6951
688.6951
688.6951
688.6951
688.6951
688.6951
688.6951
688.6951
688.6951
688.6951
688.6951
688.6951
688.5053
688.5053
688.5053
688.5053
682.6758
682.6758
682.6758
682.6758
682.6758
682.6758
682.6758
682.6758
682.6758
682.486
682.486
682.486
682.486
682.486
682.486
682.486
682.486
682.486
682.486
682.486
681.9731
681.9731
681.9731
681.9731
681.9731
681.9731
681.9731
681.9731
677.907
677.907
677.907
677.39404
674.51697
674.51697
674.51697
670.6732
670.6732
670.6732
669.9379
669.9379
669.9379
669.9379
669.9379
669.9379
666.0942
662.7042
662.7042
662.7042
662.7042
662.7042
662.7042
662.7042
658.1252
658.1252
657.61224
657.61224
657.61224
657.61224
657.61224
657.61224
657.61224
657.61224
657.61224
657.61224
657.61224
657.61224
657.61224
657.61224
657.61224
657.61224
657.61224
657.61224
657.61224
657.61224
657.61224
657.61224
657.61224
657.61224
657.61224
657.61224
657.61224
657.61224
657.61224
657.61224
657.61224
657.61224
657.61224
657.61224
657.61224
649.5243
649.5243
649.5243
649.5243
635.01996
635.01996
635.01996
635.01996
635.01996
635.01996
635.01996
635.01996
635.01996
626.93195
626.93195
626.93195
626.93195
626.93195
626.93195
626.93195
626.93195
626.93195
626.93195
626.93195
626.93195
626.93195
626.93195
626.93195
626.93195
626.93195
626.93195
626.93195
626.93195
626.93195
626.93195
626.93195
626.93195
626.93195
626.93195
626.93195
626.93195
626.93195
626.93195
626.93195
626.93195
626.93195
626.93195
626.93195
626.93195
626.93195
626.93195
626.93195
626.93195
626.93195
626.93195
626.93195
626.93195
626.93195
626.93195
626.93195
626.93195
626.93195
626.93195
626.93195
626.08203
626.08203
626.08203
626.08203
626.08203
626.08203
626.08203
626.08203
626.08203
626.08203
626.08203
626.08203
626.08203
626.08203
626.08203
626.08203
622.34235
622.34235
622.34235
622.34235
621.49243
621.49243
621.49243
621.49243
621.49243
621.49243
621.49243
621.49243
621.49243
621.49243
621.49243
621.49243
621.49243
621.49243
621.49243
621.49243
621.49243
617.126
617.126
617.126
617.126
616.4881
616.4881
616.4881
616.4881
616.4881
616.4881
616.4881
616.4881
616.4881
604.7605
604.7605
604.7605
604.7605
604.7605
604.7605
604.7605
604.7605
604.7605
604.7605
604.7605
604.7605
604.7605
604.7605
604.7605
604.7605
604.7605
604.7605
604.7605
604.7605
604.7605
604.7605
604.7605
604.7605
604.7605
604.7605
604.7605
604.7605
604.7605
604.7605
604.7605
604.7605
604.7605
604.7605
604.7605
604.7605
604.7605
604.7605
604.7605
604.7605
604.7605
604.7605
604.7605
604.7605
604.7605
604.7605
604.7605
604.7605
604.7605
604.7605
604.7605
604.7605
604.7605
604.7605
604.7605
604.7605
604.7605
604.7605
604.7605
604.7605
604.7605
604.7605
604.7605
600.52997
600.52997
600.52997
600.52997
600.52997
600.52997
600.52997
600.52997
600.52997
600.52997
600.52997
600.52997
600.52997
600.52997
600.52997
600.52997
600.52997
600.52997
600.52997
600.52997
600.52997
600.52997
600.52997
600.52997
600.52997
600.52997
600.52997
600.52997
600.52997
600.52997
600.52997
600.52997
600.52997
600.52997
600.52997
600.52997
600.52997
600.52997
600.52997
600.52997
600.52997
600.52997
600.52997
600.52997
600.52997
600.52997
600.52997
600.52997
600.52997
600.52997
600.52997
600.52997
600.52997
600.52997
600.52997
600.52997
600.52997
600.52997
600.52997
600.52997
600.52997
600.52997
600.52997
600.52997
600.52997
600.52997
600.52997
600.52997
600.52997
600.52997
600.52997
600.52997
600.52997
600.52997
600.52997
600.52997
600.52997
600.52997
600.52997
600.52997
600.52997
600.52997
597.4269
597.4269
597.4269
597.4269
597.4269
597.4269
597.4269
597.4269
597.4269
589.6434
589.6434
589.6434
589.6434
589.6434
589.6434
589.6434
589.6434
589.6434
586.5403
586.5403
586.5403
586.5403
586.5403
586.5403
586.5403
586.5403
586.5403
586.5403
586.5403
586.5403
586.5403
586.5403
586.5403
586.5403
586.5403
586.5403
586.5403
586.5403
586.5403
586.5403
586.5403
586.5403
586.5403
586.5403
586.5403
586.5403
586.5403
586.5403
586.5403
586.5403
586.5403
586.5403
586.5403
586.5403
586.5403
586.5403
586.5403
586.5403
586.5403
586.5403
586.5403
586.5403
586.5403
586.5403
586.5403
586.5403
586.5403
586.5403
586.5403
586.5403
586.5403
586.5403
586.5403
586.5403
586.5403
581.99316
581.99316
581.99316
581.99316
581.99316
581.99316
581.99316
581.99316
581.99316
581.99316
581.99316
581.99316
581.99316
581.99316
581.99316
581.99316
581.99316
581.99316
581.99316
581.99316
581.99316
581.99316
581.99316
581.99316
581.99316
581.99316
581.99316
581.99316
581.99316
581.99316
581.99316
581.99316
581.99316
581.99316
579.1616
579.1616
579.1616
579.1616
579.1616
579.1616
579.1616
579.1616
579.1616
579.1616
579.1616
579.1616
579.1616
579.1616
579.1616
579.1616
579.1616
579.1616
579.1616
577.7236
577.7236
577.7236
577.7236
577.7236
577.7236
577.7236
577.7236
577.7236
577.7236
577.7236
577.7236
577.7236
577.7236
577.7236
577.7236
577.7236
577.7236
577.7236
577.7236
577.7236
577.7236
577.7236
577.7236
577.7236
577.7236
577.7236
577.7236
577.7236
577.7236
577.7236
577.7236
577.7236
577.7236
577.7236
577.7236
577.7236
577.7236
577.7236
577.7236
577.7236
577.7236
577.7236
577.7236
577.7236
577.7236
577.7236
577.7236
577.7236
577.7236
577.7236
577.7236
577.7236
577.7236
577.7236
577.7236
577.7236
577.7236
577.7236
577.7236
577.7236
577.7236
577.7236
577.7236
577.7236
577.7236
577.7236
577.7236
577.7236
577.7236
577.7236
577.7236
577.7236
577.7236
577.7236
577.7236
577.7236
577.7236
577.7236
577.7236
577.7236
577.7236
577.7236
577.7236
577.7236
573.18835
573.18835
573.18835
573.18835
573.18835
573.18835
573.18835
573.18835
573.18835
573.18835
573.18835
573.18835
573.18835
573.18835
573.18835
573.18835
573.18835
573.18835
573.18835
573.18835
573.18835
573.18835
573.18835
573.18835
573.18835
573.18835
573.18835
573.18835
572.3609
572.3609
572.3609
572.3609
572.3609
572.3609
572.3609
572.3609
572.3609
572.3609
572.3609
572.3609
572.3609
572.3609
572.3609
572.3609
572.3609
572.3609
572.3609
572.3609
572.3609
572.3609
572.3609
572.3609
572.3609
572.3609
572.3609
572.3609
572.3609
572.3609
572.3609
572.3609
572.3609
572.3609
572.3609
572.3609
572.3609
570.4675
570.4675
570.4675
570.4675
570.4675
570.4675
570.4675
570.4675
570.4675
570.4675
570.4675
570.4675
570.4675
570.4675
570.4675
570.4675
570.4675
570.4675
570.4675
570.4675
570.4675
570.4675
570.4675
570.4675
570.4675
570.4675
570.4675
570.4675
570.4675
570.4675
570.4675
570.4675
570.4675
570.4675
570.4675
570.4675
EOF
