File: test2.txt
------------Properties------------
Number of cities: 51
Number of chromosomes: 1000
Number of generations: 1000
Tournament candidates: 3
Crossover type: UOX with bitmask
Crossover rate: 100%
Mutation type: Scramble
Mutation rate: 10%
--------------Results-------------
Average distance of first generation: 1628.8237
Average distance of last generation: 1281.6663
Best distance of first generation: 1295.0485
Best distance of last generation: 738.3245
------Average per generation------
1628.8237
1588.8158
1570.0083
1558.6356
1548.3387
1542.3347
1536.9574
1532.916
1524.4236
1523.7404
1521.432
1515.8405
1509.4642
1505.4895
1495.7157
1495.0714
1490.2546
1488.3875
1480.8605
1477.349
1473.2623
1474.2659
1476.4348
1471.5844
1468.6678
1466.0331
1466.9222
1461.3298
1457.8245
1464.3512
1464.2368
1456.5382
1458.2233
1451.2129
1452.5094
1450.9087
1453.794
1449.3792
1450.507
1450.1511
1449.2593
1447.7285
1444.9319
1448.8523
1444.8346
1444.7537
1441.7886
1441.6033
1435.0913
1432.1249
1437.0219
1437.348
1439.2284
1442.7506
1436.3031
1430.2433
1434.8348
1435.2563
1436.0007
1430.9384
1433.813
1426.4977
1427.1301
1426.7784
1421.8224
1421.7811
1420.6615
1423.3601
1417.697
1416.681
1426.9675
1419.4431
1413.5953
1413.8093
1415.6925
1418.2971
1413.0009
1411.701
1410.772
1411.2761
1406.075
1404.4651
1409.4397
1401.7798
1402.5088
1399.808
1402.3817
1405.5557
1408.3654
1407.909
1404.2101
1398.9535
1400.6595
1396.8108
1398.5895
1398.1428
1396.5023
1400.6044
1398.7633
1392.7087
1394.4688
1401.4431
1392.5631
1393.9451
1394.1403
1388.6887
1388.4187
1390.6418
1395.4003
1395.6193
1393.5769
1387.057
1379.1732
1378.6954
1391.295
1395.0542
1394.2413
1401.9056
1401.8328
1398.72
1396.6873
1389.8657
1388.7372
1389.7198
1384.2058
1385.7257
1390.0382
1383.1382
1383.7467
1379.2473
1379.3058
1375.8347
1383.4227
1386.7284
1381.9694
1379.0875
1382.478
1381.0654
1368.9717
1368.4319
1374.8167
1374.4535
1375.9814
1375.269
1367.1144
1369.1129
1366.7125
1373.625
1382.4708
1376.3701
1382.7551
1378.5193
1377.9279
1373.2368
1369.8462
1377.9641
1375.5878
1377.0221
1365.6508
1367.6927
1374.4546
1378.2792
1380.7238
1379.3438
1377.0028
1371.5812
1371.7185
1376.4926
1375.8837
1372.2352
1372.4158
1366.5822
1367.8038
1366.6149
1372.1449
1369.0265
1371.6257
1365.5815
1358.8552
1368.4257
1367.5708
1363.5212
1368.9917
1368.3278
1365.1476
1358.3018
1365.6268
1370.5905
1365.0469
1363.2356
1361.4446
1367.715
1378.03
1373.8964
1365.0885
1366.012
1362.1522
1354.0991
1361.4698
1360.0122
1359.9718
1364.5629
1358.3995
1359.8553
1356.421
1366.0647
1360.3762
1360.9338
1363.4271
1359.99
1360.055
1360.7262
1363.3978
1362.275
1368.6333
1362.7666
1369.1051
1362.3185
1362.4884
1372.9891
1366.2544
1359.2084
1357.8503
1360.8909
1361.1237
1365.4547
1364.9231
1370.7897
1364.3325
1360.3125
1357.6554
1349.9558
1352.7036
1354.6987
1355.6924
1352.0785
1358.7324
1342.0964
1352.4214
1349.2865
1344.6437
1353.6647
1350.9348
1347.6768
1345.0505
1357.3373
1363.0284
1356.8749
1355.037
1357.8926
1361.6873
1357.396
1361.9781
1362.0742
1361.015
1353.922
1347.4963
1351.7374
1352.6732
1347.4946
1345.0238
1348.9708
1352.0781
1343.7997
1349.9169
1359.0527
1361.6112
1360.8424
1353.764
1362.5215
1351.9065
1355.479
1351.2645
1358.0542
1357.8699
1343.6268
1353.0625
1356.3947
1356.9296
1354.7784
1359.6127
1347.5962
1347.8872
1346.2727
1340.2913
1336.1133
1347.7119
1346.091
1334.1929
1333.211
1335.6274
1337.8013
1329.3843
1346.8706
1334.0404
1344.7656
1343.2421
1338.8727
1344.642
1335.4084
1325.3823
1339.5236
1349.2295
1338.2062
1336.3315
1331.4783
1337.637
1339.9565
1344.7338
1343.1001
1339.1848
1340.2847
1340.3243
1342.5621
1339.1948
1332.949
1330.8586
1328.615
1334.2645
1334.939
1338.1058
1339.1425
1332.467
1341.6816
1340.2993
1336.4236
1338.4673
1331.1721
1321.8141
1334.1301
1327.2423
1333.7277
1329.234
1331.7861
1330.66
1338.5071
1340.9927
1345.942
1334.7858
1341.3566
1343.7806
1340.8468
1333.581
1322.1644
1323.9891
1330.9841
1310.844
1316.363
1323.9159
1309.9952
1310.6354
1320.214
1336.3037
1328.4965
1323.7733
1319.1116
1321.1265
1335.883
1331.359
1328.5754
1330.5616
1319.5818
1319.5151
1329.1711
1327.3334
1323.4358
1323.4861
1333.3402
1314.951
1319.4901
1319.7451
1317.3003
1326.8575
1322.6877
1319.6865
1313.8202
1326.0438
1327.3104
1323.4689
1320.451
1309.0653
1314.9562
1313.28
1313.1116
1313.192
1322.031
1326.2139
1330.1418
1331.6987
1328.9095
1314.0433
1319.9463
1324.5905
1329.0875
1318.0541
1339.2584
1322.0121
1312.8064
1312.2563
1310.0892
1303.9362
1314.4119
1315.2529
1313.2598
1308.6064
1310.7871
1309.3633
1309.7556
1312.5966
1319.0411
1318.1438
1317.6223
1316.4186
1314.2767
1322.2185
1313.4071
1323.4248
1327.4825
1332.1855
1334.8506
1331.8533
1330.331
1321.4896
1313.5299
1306.5374
1310.4465
1301.7723
1315.2227
1324.6958
1315.432
1320.0973
1324.2068
1317.2634
1307.6144
1312.2249
1312.7965
1296.8325
1300.2368
1306.7413
1308.021
1306.3782
1299.3639
1307.6847
1305.504
1308.6993
1317.9025
1312.5796
1318.6704
1314.8485
1306.5555
1303.5498
1294.3329
1291.7727
1294.7814
1299.0421
1296.165
1308.1412
1312.5574
1299.4034
1291.0122
1303.2817
1306.4872
1305.9225
1312.3073
1299.0712
1298.3269
1300.0752
1287.5148
1279.6774
1288.0298
1287.4978
1289.9624
1288.2461
1302.028
1296.1047
1298.3987
1299.8032
1291.441
1298.7223
1293.0297
1297.3895
1297.9956
1295.9789
1299.723
1302.6184
1318.7991
1310.8234
1303.358
1293.6426
1303.3564
1293.6586
1294.2717
1287.8802
1292.7036
1299.9403
1299.2042
1290.9371
1289.5327
1289.8785
1289.1642
1292.4579
1300.8042
1294.87
1293.7133
1299.8922
1293.3019
1286.852
1299.3059
1293.7234
1289.5326
1291.2667
1281.4724
1278.8701
1281.1487
1294.187
1288.6079
1298.7507
1296.4249
1295.6621
1285.3104
1286.6947
1288.8517
1293.4277
1291.6029
1298.65
1305.2303
1285.9886
1297.3176
1294.8795
1295.5079
1300.226
1310.3201
1296.9839
1299.8372
1295.359
1297.898
1299.666
1292.984
1287.074
1307.0879
1295.7509
1292.0688
1285.1333
1287.5746
1294.5828
1296.288
1295.6709
1302.1538
1294.6991
1305.3195
1292.7632
1285.3595
1279.1011
1288.9812
1292.6205
1294.9318
1297.0529
1287.4229
1295.1436
1287.1494
1289.5515
1287.4945
1282.9164
1295.9226
1295.058
1298.6957
1297.7979
1301.4568
1292.1213
1288.573
1304.3103
1300.4615
1293.503
1285.892
1297.5022
1299.8385
1293.118
1284.239
1291.3448
1295.5465
1299.8102
1293.1105
1303.7742
1300.2368
1296.3545
1302.2137
1289.8854
1285.6377
1292.8019
1292.3455
1290.8663
1290.5983
1295.5398
1283.4664
1296.9283
1295.5873
1303.7047
1304.1636
1289.1888
1287.7052
1281.8823
1286.5006
1286.7944
1286.8878
1291.9303
1304.7151
1301.0881
1287.283
1283.2196
1288.8616
1278.5453
1286.6431
1307.5038
1295.7208
1295.0146
1293.0446
1279.8
1275.5282
1287.3188
1301.7828
1299.6473
1297.7561
1298.5156
1292.8494
1294.7382
1305.5427
1289.6918
1290.6217
1293.2769
1283.6776
1280.835
1282.7446
1290.4541
1296.1267
1283.5734
1285.0818
1287.508
1293.0881
1305.7771
1304.88
1290.2246
1287.18
1285.4858
1288.6735
1294.6233
1280.7191
1276.8152
1288.6539
1276.6289
1287.899
1285.6134
1292.2454
1286.7393
1285.7688
1289.8127
1282.7498
1288.8224
1293.376
1295.5094
1283.5806
1277.9286
1286.6738
1287.1947
1283.1116
1298.1217
1290.3425
1294.1575
1289.2035
1288.6229
1284.3126
1288.5188
1297.4376
1293.6223
1299.3822
1284.1906
1282.6833
1285.5751
1288.9591
1276.277
1283.0038
1280.915
1294.9231
1303.5974
1300.3182
1296.4043
1288.6504
1277.7064
1286.5005
1285.8727
1282.4963
1296.9323
1282.4987
1276.3279
1279.3342
1287.6772
1287.1677
1293.9148
1293.6132
1299.0195
1292.7937
1297.4323
1295.4285
1297.5306
1289.6334
1279.367
1275.4243
1282.06
1293.9343
1279.7782
1288.9176
1275.5774
1283.5154
1292.4633
1294.3694
1285.968
1280.9977
1286.5669
1288.797
1298.1711
1287.62
1291.3898
1294.9845
1291.6194
1283.1866
1273.4639
1277.6659
1282.451
1290.2695
1278.127
1283.8589
1278.0011
1277.0782
1292.1869
1285.9221
1284.7572
1282.7692
1287.914
1292.2015
1294.7931
1294.0045
1291.9867
1293.3401
1289.9493
1293.5771
1302.623
1286.9337
1281.5763
1298.0435
1279.7185
1282.7701
1292.3895
1284.7274
1294.402
1290.9956
1289.5238
1293.7644
1279.0706
1292.6396
1283.8888
1282.7574
1290.6239
1297.9204
1290.8297
1296.8971
1292.3085
1294.7147
1298.0564
1297.8945
1297.2312
1295.3938
1298.6422
1289.2863
1274.0969
1277.049
1283.3082
1294.7634
1295.4196
1282.1178
1288.0369
1305.1589
1291.8346
1293.7408
1300.5531
1300.8005
1288.0798
1292.1935
1296.7728
1291.7454
1299.0143
1306.377
1294.7288
1292.7867
1293.7545
1293.3636
1286.8563
1281.1514
1279.6759
1277.1449
1277.4076
1283.5824
1277.1711
1278.3502
1282.4762
1271.8386
1279.9397
1291.8545
1303.646
1292.1296
1291.4955
1282.3174
1284.3065
1294.7153
1288.3734
1290.6144
1301.5891
1300.3331
1293.4336
1295.6948
1291.7927
1299.2552
1295.9824
1304.375
1303.4045
1305.2875
1302.202
1302.6445
1298.4988
1289.3687
1300.4733
1304.6838
1301.3292
1297.406
1286.5461
1294.8279
1302.4559
1289.0485
1304.3595
1299.8834
1300.634
1293.7333
1292.0784
1288.2153
1283.1831
1289.868
1283.1322
1288.9655
1286.3109
1280.1664
1277.8083
1277.2278
1283.9956
1286.1636
1287.3778
1305.0083
1291.1592
1287.4816
1286.3226
1293.5298
1298.1198
1287.0114
1286.2534
1290.1178
1293.496
1273.6088
1279.0929
1275.2177
1283.8905
1274.3383
1291.6792
1290.0781
1288.8961
1290.5546
1296.0405
1285.5453
1290.6846
1286.6426
1282.3794
1285.8613
1295.1288
1300.4772
1297.3027
1287.0099
1290.4403
1292.8768
1291.4962
1288.8292
1285.0328
1292.1696
1298.2694
1280.6785
1274.0094
1283.8405
1281.2137
1278.8303
1276.5436
1286.2922
1272.1808
1268.2944
1270.0056
1267.6775
1278.0571
1276.4052
1266.1614
1268.5464
1272.4874
1282.2058
1279.8167
1274.3812
1275.9277
1275.3354
1277.4607
1263.7408
1273.4666
1291.9762
1278.6777
1281.9225
1253.7167
1257.4718
1263.4674
1267.532
1273.9073
1278.9285
1287.0588
1290.3481
1288.0059
1284.5045
1286.0698
1281.0525
1265.7432
1274.6421
1282.6005
1274.9093
1277.6313
1288.2079
1276.8121
1280.7803
1280.923
1287.243
1277.313
1273.864
1285.0005
1276.7462
1284.2438
1297.6097
1280.247
1274.4807
1278.8438
1271.8901
1270.3738
1286.501
1281.4781
1288.1138
1281.9565
1276.8469
1271.4686
1265.6099
1269.9115
1271.7112
1277.9647
1283.072
1268.4438
1272.0894
1285.2479
1278.3433
1277.7386
1283.5006
1294.7203
1283.1266
1289.4058
1284.812
1288.9177
1278.093
1285.6892
1291.2786
1280.8995
1265.1577
1263.459
1275.3453
1269.6077
1270.0177
1281.7935
1281.2776
1288.9591
1283.8447
1274.6554
1261.0795
1278.7905
1271.5591
1266.5114
1264.9866
1266.0571
1272.862
1269.6614
1270.3512
1264.0895
1259.2738
1265.1025
1265.5498
1265.814
1281.6663
-------Best per generation--------
1295.0485
1295.0485
1295.0485
1295.0485
1295.0485
1295.0485
1225.696
1225.696
1225.696
1225.696
1218.575
1218.575
1218.575
1218.575
1218.575
1213.5377
1213.5377
1213.5377
1213.5377
1213.5377
1213.5377
1211.4924
1211.4924
1204.025
1204.025
1204.025
1199.1772
1186.6101
1172.3788
1172.3788
1172.3788
1172.3788
1172.3788
1172.3788
1152.6573
1152.6573
1152.6573
1152.6573
1152.6573
1152.6573
1152.6573
1152.6573
1152.6573
1152.6573
1152.6573
1148.4595
1147.377
1147.377
1114.3666
1114.3666
1114.3666
1114.3666
1114.3666
1114.3666
1114.3666
1114.3666
1114.3666
1114.3666
1114.3666
1114.3666
1114.3666
1114.3666
1103.3544
1103.3544
1103.3544
1103.3544
1103.3544
1069.5043
1069.5043
1069.5043
1069.5043
1069.5043
1069.5043
1069.5043
1069.5043
1069.5043
1069.5043
1069.5043
1069.5043
1069.5043
1069.5043
1059.9855
1059.9855
1059.9855
1059.9855
1059.9855
1054.7157
1054.7157
1044.5535
1044.5535
1044.5535
1044.5535
1044.5535
1044.5535
1044.5535
1044.5535
1044.5535
1044.5535
1044.5535
1044.5535
1044.5535
1044.5535
1044.5535
1044.5535
1044.5535
1044.5535
1041.464
1041.464
1041.464
1019.3083
1019.3083
1019.3083
1019.3083
1019.3083
1019.3083
1016.64526
1016.64526
1016.64526
1016.64526
1016.64526
1008.758
1008.758
1008.758
1008.758
1008.758
998.70386
998.70386
998.70386
998.70386
998.70386
998.70386
998.70386
998.70386
998.70386
998.70386
998.70386
986.2848
986.2848
986.2848
986.2848
986.2848
986.2848
986.2848
986.2848
986.2848
984.64307
984.64307
984.64307
984.64307
984.64307
984.64307
984.64307
978.3751
978.3751
978.3751
978.3751
978.3751
978.3751
978.3751
978.3751
978.3751
978.3751
978.3751
978.3751
978.3751
978.3751
973.9116
973.9116
973.9116
968.3515
968.3515
968.3515
968.3515
968.3515
968.3515
968.3515
965.7659
965.7659
965.7659
965.7659
965.7659
965.7659
965.7659
965.7659
964.3928
964.3928
964.3928
964.3928
964.3928
964.3928
964.3928
964.3928
964.3928
964.3928
955.97833
955.97833
955.97833
955.97833
955.97833
955.97833
955.97833
955.97833
955.97833
955.97833
955.97833
955.97833
955.97833
955.97833
955.97833
955.97833
955.97833
955.97833
951.50964
951.50964
951.50964
951.50964
951.50964
945.42804
945.42804
945.42804
945.42804
945.42804
945.42804
945.42804
945.42804
945.42804
945.42804
945.42804
941.8442
939.7494
939.7494
939.7494
939.7494
937.73346
937.73346
937.73346
937.73346
937.73346
937.73346
937.73346
937.73346
937.73346
937.73346
937.73346
937.73346
937.73346
937.73346
937.73346
937.73346
937.73346
937.73346
937.73346
937.73346
937.73346
928.2392
928.2392
928.2392
928.2392
928.2392
928.2392
928.2392
928.2392
928.2392
928.2392
910.1699
910.1699
910.1699
910.1699
910.1699
910.1699
910.1699
910.1699
910.1699
910.1699
910.1699
910.1699
910.1699
910.1699
910.1699
900.6757
900.6757
900.6757
900.6757
900.6757
900.6757
900.6757
900.6757
900.6757
900.6757
900.6757
900.6757
900.6757
900.6757
900.6757
900.6757
900.6757
900.6757
900.6757
900.6757
900.6757
900.6757
900.6757
884.3111
884.3111
884.3111
884.3111
884.3111
884.3111
884.3111
884.3111
884.3111
884.3111
884.3111
884.3111
884.3111
884.3111
884.3111
884.3111
884.3111
884.3111
884.3111
876.5026
876.5026
876.5026
876.5026
876.5026
876.5026
876.5026
876.5026
876.5026
876.5026
876.5026
876.5026
876.5026
876.5026
876.5026
876.5026
876.5026
876.5026
876.5026
876.5026
871.0659
871.0659
871.0659
871.0659
871.0659
871.0659
871.0659
868.143
868.143
868.143
868.143
857.00757
857.00757
857.00757
857.00757
857.00757
857.00757
857.00757
857.00757
857.00757
857.00757
857.00757
857.00757
857.00757
857.00757
857.00757
857.00757
857.00757
857.00757
847.8966
847.8966
847.8966
847.8966
847.8966
847.8966
847.8966
847.8966
847.8966
847.8966
847.8966
847.8966
847.8966
847.8966
847.8966
847.8966
847.8966
847.8966
847.8966
847.8966
847.8966
847.8966
847.8966
847.8966
847.8966
847.8966
847.8966
847.8966
847.8966
847.8966
847.8966
847.8966
847.8966
847.8966
847.8966
847.8966
847.8966
821.07544
821.07544
821.07544
821.07544
821.07544
821.07544
821.07544
821.07544
821.07544
821.07544
821.07544
821.07544
821.07544
821.07544
821.07544
821.07544
821.07544
821.07544
821.07544
821.07544
821.07544
821.07544
821.07544
821.07544
821.07544
821.07544
821.07544
821.07544
821.07544
821.07544
809.0209
809.0209
809.0209
809.0209
809.0209
789.2866
789.2866
789.2866
789.2866
789.2866
789.2866
789.2866
789.2866
789.2866
789.2866
789.2866
789.2866
789.2866
789.2866
786.0442
786.0442
786.0442
786.0442
786.0442
786.0442
786.0442
786.0442
786.0442
786.0442
786.0442
786.0442
786.0442
786.0442
786.0442
786.0442
786.0442
786.0442
783.1136
783.1136
783.1136
783.1136
779.711
779.711
779.711
779.711
779.711
779.711
779.711
779.711
779.711
779.711
779.711
779.711
779.711
779.711
779.711
779.711
779.711
779.711
779.711
779.711
779.711
779.711
779.711
779.711
779.711
779.711
779.711
779.711
779.711
779.711
779.711
779.711
779.711
779.711
779.711
779.711
779.711
779.711
779.711
779.711
779.711
779.711
779.711
779.711
779.711
779.711
779.711
779.711
779.711
779.711
779.711
779.711
779.711
779.711
779.711
779.711
779.711
779.711
779.711
779.711
779.711
779.711
779.711
779.711
779.711
779.711
779.711
779.711
779.711
779.711
779.711
779.711
779.711
779.711
779.711
779.711
779.711
779.711
779.711
779.711
779.711
779.711
779.711
779.711
779.711
779.711
779.711
779.711
779.711
779.711
779.711
779.711
779.711
779.711
779.711
779.711
779.711
779.711
779.711
779.711
779.711
779.711
779.711
779.711
779.711
779.711
779.711
779.711
779.711
779.711
779.711
779.711
779.711
779.711
779.711
779.711
779.711
779.711
772.37634
772.37634
772.37634
772.37634
772.37634
772.37634
772.37634
772.37634
772.37634
772.37634
772.37634
772.37634
772.37634
772.37634
772.37634
772.37634
772.37634
772.37634
772.37634
772.37634
772.37634
772.37634
772.37634
772.37634
772.37634
772.37634
772.37634
772.37634
772.37634
772.37634
772.37634
772.37634
772.37634
772.37634
772.37634
772.37634
772.37634
772.37634
772.37634
772.37634
772.37634
772.37634
772.37634
772.37634
772.37634
772.37634
772.37634
772.37634
772.37634
772.37634
772.37634
772.37634
772.37634
772.37634
772.37634
772.37634
772.37634
772.37634
772.37634
772.37634
772.37634
772.37634
772.37634
772.37634
772.37634
772.37634
772.37634
772.37634
772.37634
772.37634
772.37634
772.37634
772.37634
772.37634
772.37634
772.37634
772.37634
772.37634
772.37634
772.37634
772.37634
772.37634
772.37634
772.37634
772.37634
772.37634
772.37634
772.37634
772.37634
771.81396
771.81396
771.81396
771.81396
771.81396
771.81396
771.81396
771.81396
771.81396
771.81396
771.81396
771.81396
771.81396
771.81396
771.81396
771.81396
771.81396
771.4248
771.4248
771.4248
771.4248
771.4248
771.4248
770.39984
770.39984
770.39984
770.39984
770.39984
770.39984
770.39984
770.39984
770.39984
770.39984
770.39984
770.39984
770.39984
770.39984
770.39984
770.39984
770.39984
770.39984
770.39984
770.39984
770.39984
770.39984
770.39984
770.39984
770.39984
770.39984
770.39984
770.39984
770.39984
770.39984
770.39984
770.39984
770.39984
770.39984
770.39984
770.39984
770.39984
770.39984
770.39984
770.39984
770.39984
770.39984
770.39984
769.64514
769.64514
769.64514
769.64514
769.64514
769.64514
769.64514
769.64514
769.64514
769.64514
769.64514
769.64514
769.64514
769.64514
769.64514
769.64514
769.64514
769.64514
769.64514
769.64514
769.64514
769.64514
769.64514
769.64514
769.64514
769.64514
769.64514
769.64514
769.64514
769.64514
769.64514
769.64514
769.64514
769.64514
769.64514
769.64514
769.64514
769.64514
769.64514
769.64514
769.64514
769.64514
769.64514
769.64514
769.64514
769.64514
769.64514
769.64514
769.64514
769.64514
769.64514
769.64514
769.64514
769.64514
769.64514
769.64514
769.64514
769.64514
767.56226
767.56226
767.56226
767.56226
767.56226
767.56226
767.56226
767.56226
767.56226
767.56226
767.56226
767.56226
767.56226
767.56226
767.56226
767.56226
767.56226
767.56226
767.56226
767.56226
767.56226
767.56226
767.56226
767.56226
767.56226
766.3363
766.3363
766.3363
766.3363
766.3363
766.3363
766.3363
766.3363
766.3363
766.3363
766.3363
766.3363
766.3363
766.3363
766.3363
766.3363
766.3363
766.3363
766.3363
766.3363
766.3363
766.3363
766.3363
766.3363
766.3363
766.3363
764.37115
764.37115
764.37115
764.37115
764.37115
764.37115
764.37115
764.37115
764.37115
764.37115
764.37115
764.37115
764.37115
764.37115
764.37115
740.2897
740.2897
740.2897
740.2897
740.2897
740.2897
740.2897
740.2897
740.2897
740.2897
740.2897
740.2897
740.2897
740.2897
740.2897
740.2897
740.2897
740.2897
740.2897
740.2897
740.2897
740.2897
740.2897
740.2897
740.2897
740.2897
740.2897
740.2897
740.2897
740.2897
740.2897
740.2897
740.2897
740.2897
740.2897
740.2897
740.2897
740.2897
740.2897
740.2897
740.2897
740.2897
740.2897
740.2897
740.2897
740.2897
740.2897
740.2897
740.2897
740.2897
740.2897
740.2897
740.2897
740.2897
740.2897
740.2897
740.2897
740.2897
740.2897
740.2897
740.2897
740.2897
740.2897
740.2897
740.2897
740.2897
740.2897
740.2897
740.2897
740.2897
740.2897
740.2897
740.2897
740.2897
740.2897
740.2897
740.2897
740.2897
740.2897
740.2897
740.2897
740.2897
740.2897
740.2897
740.2897
740.2897
740.2897
740.2897
740.2897
740.2897
740.2897
740.2897
740.2897
740.2897
740.2897
740.2897
740.2897
740.2897
740.2897
740.2897
740.2897
740.2897
740.2897
738.3245
738.3245
738.3245
738.3245
738.3245
738.3245
738.3245
738.3245
738.3245
738.3245
738.3245
738.3245
738.3245
738.3245
738.3245
738.3245
738.3245
738.3245
738.3245
738.3245
738.3245
738.3245
EOF
