File: test2.txt
------------Properties------------
Number of cities: 51
Number of chromosomes: 1000
Number of generations: 1000
Tournament candidates: 3
Crossover type: UOX with bitmask
Crossover rate: 100%
Mutation type: Swap
Mutation rate: 0%
--------------Results-------------
Average distance of first generation: 1620.4076
Average distance of last generation: 1459.9575
Best distance of first generation: 1357.71
Best distance of last generation: 1228.4186
------Average per generation------
1620.4076
1583.2003
1561.8773
1552.7808
1543.6665
1535.5148
1533.0055
1529.8043
1528.9927
1527.0203
1523.8687
1513.4768
1509.9016
1505.8634
1503.3859
1504.1393
1497.9158
1493.717
1495.6428
1490.3013
1488.6686
1490.0115
1485.013
1479.7969
1478.923
1476.6676
1474.6392
1482.123
1477.7639
1467.7655
1471.488
1471.7567
1460.9446
1464.6151
1466.3779
1465.0662
1459.3845
1461.3857
1463.2864
1463.946
1467.0509
1467.0513
1466.6699
1468.8651
1467.1698
1461.0299
1467.5037
1467.0415
1469.9509
1468.985
1470.814
1468.6376
1472.0905
1469.7352
1469.6847
1466.7632
1464.8324
1466.2847
1461.4514
1459.8433
1459.5884
1462.0992
1463.6355
1464.7119
1465.3645
1461.7292
1462.716
1460.5802
1467.9386
1465.6383
1460.7092
1458.7043
1467.5942
1462.3654
1464.154
1463.9526
1463.2198
1462.6455
1467.5758
1465.4618
1462.9932
1467.3501
1466.8582
1471.2606
1464.201
1463.9465
1465.5876
1469.4456
1461.3955
1466.1938
1470.5457
1464.8561
1465.1902
1465.8629
1470.4673
1471.4072
1464.4569
1468.1158
1465.0226
1469.5206
1468.0007
1464.7645
1468.8575
1463.7152
1462.6675
1461.3727
1464.4247
1462.2831
1461.9767
1466.2394
1465.845
1468.447
1467.8662
1461.8677
1465.284
1466.1354
1467.4707
1467.0769
1461.3646
1460.9962
1464.8883
1464.5713
1461.6993
1471.8843
1463.9707
1467.0995
1465.0625
1464.5852
1464.5303
1464.1017
1462.6722
1463.9128
1463.1506
1467.7745
1466.4526
1463.2356
1463.115
1463.7893
1466.8868
1468.3942
1466.7119
1467.0961
1463.602
1457.0625
1461.4425
1465.8455
1468.8392
1465.4645
1466.1945
1465.0309
1463.5674
1459.9701
1462.1857
1462.83
1465.9277
1459.0687
1463.2189
1468.3081
1466.2256
1469.1853
1467.9203
1464.2228
1459.0244
1465.3956
1468.5142
1463.433
1471.7896
1474.1903
1470.8848
1468.2584
1471.559
1465.3767
1468.7047
1467.6995
1464.7434
1462.3995
1463.9745
1463.0775
1466.3472
1464.5228
1464.7101
1468.4628
1463.1239
1462.8624
1460.1768
1460.6787
1464.9402
1464.1033
1468.6776
1459.524
1464.77
1462.9728
1465.8146
1462.4685
1465.2709
1473.3591
1471.4283
1475.6613
1466.4163
1466.5244
1467.1584
1466.6956
1464.4332
1466.54
1461.0913
1463.1221
1461.9368
1464.4111
1457.8785
1462.2762
1464.2236
1467.2347
1464.0309
1465.886
1466.2019
1465.0563
1461.3041
1468.2594
1467.5728
1467.2625
1465.4354
1463.5911
1463.3118
1465.4784
1459.664
1462.8563
1466.2566
1466.6862
1469.1327
1460.692
1466.5065
1468.8645
1462.4337
1459.2579
1465.1534
1463.3668
1466.9843
1466.6292
1467.0583
1467.2332
1464.9592
1462.7151
1466.1844
1465.7797
1468.4406
1468.4592
1464.5522
1465.1112
1463.9717
1465.1783
1468.1698
1465.735
1466.4467
1468.128
1471.1013
1467.7303
1472.0602
1467.2023
1465.6223
1466.5933
1467.0248
1466.4034
1462.081
1467.551
1469.2772
1458.3228
1469.365
1468.8514
1468.4116
1463.9427
1465.6542
1465.9899
1468.8523
1464.837
1463.829
1466.9264
1466.4673
1462.9271
1463.886
1463.3567
1464.1027
1465.8687
1468.3429
1454.5144
1459.1384
1462.8983
1466.0629
1464.5416
1472.9574
1468.6027
1471.3397
1463.4426
1467.0415
1468.3596
1465.5618
1467.7516
1466.3928
1465.5173
1464.8738
1466.176
1464.4689
1466.7833
1464.8372
1458.7234
1462.6545
1464.839
1474.4147
1470.2122
1471.1863
1469.0577
1469.2458
1474.543
1467.4763
1467.8055
1468.0522
1470.2544
1465.3073
1464.7812
1468.7743
1470.3993
1467.8524
1470.0433
1466.0118
1468.6935
1463.3962
1465.0137
1463.4508
1463.5675
1464.6449
1464.3492
1463.9503
1468.9904
1468.9044
1463.8746
1463.4205
1461.4451
1461.0559
1463.0323
1457.3524
1467.9768
1468.3077
1467.4022
1467.849
1468.5686
1467.562
1471.0977
1464.6852
1465.145
1468.3411
1465.5306
1467.9868
1467.7207
1461.3319
1465.1383
1457.6854
1462.0964
1463.9508
1463.2706
1465.6261
1464.5526
1466.7076
1464.26
1467.1213
1466.9939
1463.8153
1463.4391
1463.225
1468.0055
1470.216
1465.9841
1459.3185
1465.9722
1465.8593
1464.8522
1460.2993
1471.8601
1466.9514
1464.0486
1466.0571
1465.5283
1466.8909
1465.8123
1467.4214
1468.9727
1468.2194
1471.344
1468.3466
1467.7031
1470.1643
1463.7704
1459.0609
1467.9185
1463.3628
1460.6206
1466.032
1467.4952
1467.1594
1468.5664
1467.8715
1462.9873
1459.7432
1462.9694
1461.4318
1461.9412
1462.4867
1461.8043
1467.4178
1465.9755
1464.4445
1458.7714
1456.8044
1457.4752
1459.1228
1462.5515
1460.237
1465.6135
1469.4396
1463.6637
1473.7878
1467.0386
1465.7461
1470.4712
1466.2323
1468.3217
1461.0289
1460.2115
1465.7893
1462.921
1463.2195
1463.3217
1464.6804
1464.7593
1464.0264
1468.5658
1469.7573
1466.4404
1462.6459
1465.0028
1464.2987
1470.4695
1466.2521
1460.7368
1462.5557
1461.0902
1462.9861
1461.2101
1468.1666
1461.7627
1465.5493
1460.2759
1459.887
1461.6981
1461.5602
1465.9207
1467.01
1462.4846
1467.8855
1465.715
1470.2908
1467.9495
1469.8661
1472.035
1469.1168
1471.2435
1473.259
1466.7048
1468.5847
1464.2504
1464.3616
1462.0205
1462.8969
1462.7975
1467.8628
1468.1647
1466.9067
1473.0682
1470.9319
1469.014
1466.0463
1465.6278
1465.4894
1469.0021
1465.7042
1467.2823
1462.6462
1467.3594
1463.109
1463.3273
1464.5916
1461.7704
1470.4475
1468.6283
1470.5911
1464.3998
1463.7626
1467.8878
1469.0294
1465.1659
1468.359
1462.739
1462.7185
1463.3892
1461.507
1461.129
1470.2867
1470.5011
1470.1605
1460.0071
1465.1733
1466.013
1460.3727
1467.5303
1465.8519
1459.3634
1468.2158
1466.5791
1465.3163
1473.5072
1474.3438
1466.407
1465.4006
1463.4617
1469.1887
1469.4314
1469.9779
1465.5319
1464.6143
1463.0406
1458.5992
1466.2935
1468.3618
1463.9337
1461.8029
1470.1974
1470.0836
1471.0449
1470.1567
1468.2515
1463.7567
1468.421
1470.8092
1472.3806
1471.5049
1467.175
1467.1051
1469.6024
1469.6315
1469.4305
1463.7689
1462.4479
1459.0857
1462.2191
1466.8074
1465.1201
1462.9214
1461.901
1459.487
1467.3796
1464.614
1464.1226
1466.6243
1463.2146
1462.0928
1461.2506
1457.6361
1458.6259
1459.6357
1455.6913
1456.0757
1456.4099
1458.616
1456.7471
1462.3765
1461.5842
1458.8335
1454.849
1461.409
1460.6766
1462.3711
1458.8928
1461.569
1465.643
1463.0758
1459.3711
1465.3607
1463.0312
1459.1824
1461.3961
1458.5269
1461.5533
1460.7196
1459.5186
1463.8505
1459.6892
1459.5072
1459.6102
1458.1696
1454.9803
1457.5298
1452.8756
1454.87
1458.4797
1458.8218
1462.7126
1463.6085
1464.2957
1458.1467
1459.012
1458.8687
1454.6171
1459.8235
1457.8275
1458.5466
1463.7568
1462.0548
1463.4579
1458.7802
1467.5122
1460.3301
1456.1221
1460.3909
1461.0913
1458.1675
1460.7928
1454.8906
1453.1821
1459.6261
1461.2336
1462.3162
1458.6718
1458.9619
1462.1726
1454.4248
1455.2335
1463.3657
1458.0928
1458.275
1459.338
1460.1652
1459.6619
1451.6296
1455.7241
1457.4222
1457.564
1466.6783
1466.9875
1461.544
1461.0308
1460.3795
1459.7341
1468.8441
1466.945
1464.3524
1461.3706
1464.4061
1468.8691
1465.5096
1465.1932
1455.9397
1454.1735
1451.227
1455.5778
1464.3534
1462.4624
1464.3308
1457.9926
1458.0725
1459.204
1454.6027
1453.9072
1457.9348
1450.6948
1456.6417
1461.1218
1464.7844
1458.2405
1455.3424
1451.7742
1460.256
1462.8583
1461.3352
1458.673
1460.702
1463.4657
1463.8662
1455.3517
1462.4518
1456.9333
1458.3357
1463.8832
1461.7673
1464.723
1463.8837
1463.6497
1467.876
1468.3738
1461.9865
1465.7072
1457.3774
1460.9764
1465.7391
1461.1226
1457.711
1463.0876
1460.5242
1461.9734
1461.3848
1459.6536
1463.0555
1461.891
1453.3579
1453.7616
1455.255
1458.6322
1456.5929
1458.4274
1457.5288
1467.6395
1459.2074
1458.7784
1458.1365
1457.9354
1466.6915
1463.3322
1468.5377
1462.0364
1464.5955
1465.417
1463.7872
1467.6992
1464.344
1460.8928
1454.2595
1461.4744
1458.4031
1454.6627
1460.8972
1461.4696
1453.9227
1454.4996
1456.8925
1461.7816
1459.5143
1459.9727
1463.9606
1457.4958
1451.5536
1454.7416
1462.8759
1460.4658
1464.3783
1468.6239
1462.9512
1464.6761
1468.9735
1462.6461
1459.1643
1460.2335
1462.8181
1464.656
1463.1722
1460.2849
1452.7214
1459.01
1464.0879
1463.9851
1461.9569
1460.3723
1456.789
1460.5463
1452.2062
1457.3158
1466.4855
1463.9111
1466.6173
1461.104
1458.2294
1464.0688
1451.4275
1456.3245
1452.5964
1459.2382
1457.9797
1458.7484
1463.835
1463.1555
1462.8125
1461.8469
1462.4058
1457.398
1457.0647
1459.709
1461.754
1463.5902
1463.5631
1460.0278
1460.269
1465.4899
1456.2919
1464.341
1461.1748
1458.9929
1465.1552
1465.3068
1462.7649
1465.0417
1460.046
1460.6486
1462.5753
1457.6326
1461.0684
1453.8354
1459.686
1464.1532
1461.7698
1462.631
1457.9248
1462.992
1462.0747
1457.6
1459.6233
1458.0845
1461.3041
1455.1206
1455.7671
1459.4515
1454.362
1461.4857
1453.6683
1459.7279
1458.2906
1460.3723
1467.9916
1460.8844
1463.7122
1465.614
1457.63
1457.8121
1461.061
1460.7058
1467.6534
1465.7373
1462.8937
1461.7886
1463.0472
1457.8604
1461.095
1466.3002
1462.8041
1457.6469
1458.3524
1462.7003
1461.2472
1457.9279
1458.2517
1460.8414
1459.0404
1461.1808
1459.6954
1461.3713
1462.0901
1462.9543
1459.931
1454.1696
1449.8566
1452.039
1448.5204
1449.0333
1457.145
1454.139
1461.6434
1465.3168
1457.1107
1460.8763
1460.5431
1460.3856
1466.7168
1456.963
1458.7091
1455.8456
1453.1228
1455.1544
1452.1779
1451.813
1453.8401
1453.2063
1459.7684
1461.3497
1460.3374
1457.9606
1457.9165
1460.3003
1460.7611
1456.2059
1457.1519
1454.4794
1457.5132
1457.295
1459.3837
1465.4852
1464.1903
1461.0942
1460.6534
1454.087
1459.8433
1464.5966
1463.0104
1461.7307
1460.7174
1464.7738
1465.9928
1465.7941
1463.9512
1465.1669
1463.9734
1454.5906
1461.5891
1460.1385
1459.4005
1458.1646
1462.6945
1461.1051
1457.1549
1463.7063
1468.269
1463.1091
1463.3713
1461.0029
1468.8176
1460.6569
1463.7777
1463.711
1461.355
1453.6147
1454.5157
1455.3718
1462.1595
1459.9338
1456.6936
1456.6545
1458.1006
1460.0093
1458.5707
1461.9652
1460.2969
1461.3804
1461.8698
1460.6741
1454.6681
1455.3514
1461.456
1458.7698
1463.5881
1455.2808
1453.3356
1457.8591
1456.7386
1453.911
1452.2441
1458.963
1460.4513
1466.7949
1458.3999
1465.0188
1460.7411
1462.6571
1457.9772
1461.4586
1458.3452
1459.3545
1456.9336
1458.9794
1461.5164
1465.2626
1460.6726
1461.4468
1457.847
1458.8076
1465.5946
1464.8435
1465.3065
1461.5342
1454.8005
1454.4613
1458.0239
1454.1565
1465.1042
1456.8528
1456.1508
1460.5605
1465.1185
1468.4579
1466.6482
1470.7208
1461.0099
1459.0555
1457.3729
1459.9694
1457.7738
1459.9575
-------Best per generation--------
1357.71
1357.71
1321.6233
1321.6233
1321.6233
1321.6233
1321.6233
1321.6233
1321.6233
1276.6442
1276.6442
1276.6442
1276.6442
1276.6442
1276.6442
1244.3134
1244.3134
1244.3134
1244.3134
1244.3134
1244.3134
1244.3134
1244.3134
1244.3134
1244.3134
1244.3134
1244.3134
1244.3134
1244.3134
1244.3134
1244.3134
1244.3134
1244.3134
1244.3134
1244.3134
1244.3134
1244.3134
1244.3134
1244.3134
1244.3134
1244.3134
1244.3134
1244.3134
1244.3134
1244.3134
1244.3134
1244.3134
1244.3134
1244.3134
1244.3134
1244.3134
1244.3134
1244.3134
1244.3134
1244.3134
1244.3134
1244.3134
1244.3134
1244.3134
1244.3134
1244.3134
1244.3134
1244.3134
1244.3134
1244.3134
1244.3134
1244.3134
1244.3134
1244.3134
1244.3134
1244.3134
1244.3134
1244.3134
1244.3134
1244.3134
1244.3134
1244.3134
1244.3134
1244.3134
1244.3134
1244.3134
1244.3134
1244.3134
1244.3134
1244.3134
1244.3134
1244.3134
1244.3134
1244.3134
1244.3134
1244.3134
1244.3134
1244.3134
1244.3134
1244.3134
1244.3134
1244.3134
1244.3134
1244.3134
1244.3134
1244.3134
1244.3134
1244.3134
1244.3134
1244.3134
1244.3134
1244.3134
1244.3134
1244.3134
1244.3134
1244.3134
1244.3134
1244.3134
1244.3134
1244.3134
1244.3134
1244.3134
1244.3134
1244.3134
1244.3134
1244.3134
1244.3134
1244.3134
1244.3134
1244.3134
1244.3134
1244.3134
1244.3134
1244.3134
1244.3134
1244.3134
1244.3134
1244.3134
1244.3134
1244.3134
1244.3134
1244.3134
1244.3134
1244.3134
1244.3134
1244.3134
1244.3134
1244.3134
1244.3134
1244.3134
1244.3134
1244.3134
1244.3134
1244.3134
1244.3134
1244.3134
1244.3134
1244.3134
1244.3134
1244.3134
1244.3134
1244.3134
1244.3134
1244.3134
1244.3134
1244.3134
1244.3134
1244.3134
1244.3134
1244.3134
1244.3134
1244.3134
1244.3134
1244.3134
1244.3134
1244.3134
1244.3134
1244.3134
1244.3134
1244.3134
1244.3134
1244.3134
1244.3134
1244.3134
1244.3134
1244.3134
1244.3134
1244.3134
1244.3134
1244.3134
1244.3134
1244.3134
1244.3134
1244.3134
1244.3134
1244.3134
1244.3134
1244.3134
1244.3134
1244.3134
1244.3134
1244.3134
1244.3134
1244.3134
1244.3134
1244.3134
1244.3134
1244.3134
1244.3134
1244.3134
1244.3134
1244.3134
1244.3134
1244.3134
1244.3134
1244.3134
1244.3134
1244.3134
1244.3134
1244.3134
1244.3134
1244.3134
1244.3134
1244.3134
1244.3134
1244.3134
1244.3134
1244.3134
1244.3134
1244.3134
1244.3134
1244.3134
1244.3134
1244.3134
1244.3134
1244.3134
1244.3134
1244.3134
1244.3134
1244.3134
1244.3134
1244.3134
1244.3134
1244.3134
1244.3134
1244.3134
1244.3134
1244.3134
1244.3134
1244.3134
1244.3134
1244.3134
1244.3134
1244.3134
1244.3134
1244.3134
1244.3134
1244.3134
1244.3134
1244.3134
1244.3134
1244.3134
1244.3134
1244.3134
1244.3134
1244.3134
1244.3134
1244.3134
1244.3134
1244.3134
1244.3134
1244.3134
1244.3134
1244.3134
1244.3134
1244.3134
1244.3134
1244.3134
1244.3134
1244.3134
1244.3134
1244.3134
1244.3134
1244.3134
1244.3134
1244.3134
1244.3134
1244.3134
1244.3134
1244.3134
1244.3134
1244.3134
1244.3134
1244.3134
1244.3134
1244.3134
1244.3134
1244.3134
1244.3134
1244.3134
1244.3134
1244.3134
1244.3134
1244.3134
1244.3134
1244.3134
1244.3134
1244.3134
1244.3134
1244.3134
1244.3134
1244.3134
1244.3134
1244.3134
1244.3134
1244.3134
1244.3134
1244.3134
1244.3134
1244.3134
1244.3134
1244.3134
1244.3134
1244.3134
1244.3134
1244.3134
1244.3134
1244.3134
1244.3134
1244.3134
1244.3134
1244.3134
1244.3134
1244.3134
1244.3134
1244.3134
1244.3134
1244.3134
1244.3134
1244.3134
1244.3134
1244.3134
1244.3134
1244.3134
1244.3134
1244.3134
1244.3134
1244.3134
1244.3134
1244.3134
1244.3134
1244.3134
1244.3134
1244.3134
1244.3134
1244.3134
1244.3134
1244.3134
1244.3134
1244.3134
1244.3134
1244.3134
1244.3134
1244.3134
1244.3134
1244.3134
1244.3134
1244.3134
1244.3134
1244.3134
1244.3134
1244.3134
1244.3134
1244.3134
1244.3134
1244.3134
1244.3134
1244.3134
1244.3134
1244.3134
1244.3134
1244.3134
1244.3134
1244.3134
1244.3134
1244.3134
1244.3134
1244.3134
1244.3134
1244.3134
1244.3134
1244.3134
1244.3134
1244.3134
1244.3134
1244.3134
1244.3134
1244.3134
1244.3134
1244.3134
1244.3134
1244.3134
1244.3134
1244.3134
1244.3134
1244.3134
1244.3134
1244.3134
1244.3134
1244.3134
1244.3134
1244.3134
1244.3134
1244.3134
1244.3134
1244.3134
1244.3134
1244.3134
1244.3134
1244.3134
1244.3134
1244.3134
1244.3134
1244.3134
1244.3134
1244.3134
1244.3134
1244.3134
1244.3134
1244.3134
1244.3134
1244.3134
1244.3134
1244.3134
1244.3134
1244.3134
1244.3134
1244.3134
1244.3134
1244.3134
1244.3134
1244.3134
1244.3134
1244.3134
1244.3134
1244.3134
1244.3134
1244.3134
1244.3134
1244.3134
1244.3134
1244.3134
1244.3134
1244.3134
1244.3134
1244.3134
1244.3134
1244.3134
1244.3134
1244.3134
1244.3134
1244.3134
1244.3134
1244.3134
1244.3134
1244.3134
1244.3134
1244.3134
1244.3134
1244.3134
1244.3134
1244.3134
1244.3134
1244.3134
1244.3134
1244.3134
1244.3134
1244.3134
1244.3134
1244.3134
1244.3134
1244.3134
1244.3134
1244.3134
1244.3134
1244.3134
1244.3134
1244.3134
1244.3134
1244.3134
1244.3134
1244.3134
1244.3134
1244.3134
1244.3134
1244.3134
1244.3134
1244.3134
1244.3134
1244.3134
1244.3134
1244.3134
1244.3134
1244.3134
1244.3134
1244.3134
1244.3134
1244.3134
1244.3134
1244.3134
1244.3134
1244.3134
1244.3134
1244.3134
1244.3134
1244.3134
1244.3134
1244.3134
1244.3134
1244.3134
1244.3134
1244.3134
1244.3134
1244.3134
1244.3134
1244.3134
1244.3134
1244.3134
1244.3134
1244.3134
1244.3134
1244.3134
1244.3134
1244.3134
1244.3134
1244.3134
1244.3134
1244.3134
1244.3134
1244.3134
1244.3134
1244.3134
1244.3134
1244.3134
1244.3134
1244.3134
1244.3134
1244.3134
1244.3134
1244.3134
1244.3134
1244.3134
1244.3134
1244.3134
1244.3134
1228.4186
1228.4186
1228.4186
1228.4186
1228.4186
1228.4186
1228.4186
1228.4186
1228.4186
1228.4186
1228.4186
1228.4186
1228.4186
1228.4186
1228.4186
1228.4186
1228.4186
1228.4186
1228.4186
1228.4186
1228.4186
1228.4186
1228.4186
1228.4186
1228.4186
1228.4186
1228.4186
1228.4186
1228.4186
1228.4186
1228.4186
1228.4186
1228.4186
1228.4186
1228.4186
1228.4186
1228.4186
1228.4186
1228.4186
1228.4186
1228.4186
1228.4186
1228.4186
1228.4186
1228.4186
1228.4186
1228.4186
1228.4186
1228.4186
1228.4186
1228.4186
1228.4186
1228.4186
1228.4186
1228.4186
1228.4186
1228.4186
1228.4186
1228.4186
1228.4186
1228.4186
1228.4186
1228.4186
1228.4186
1228.4186
1228.4186
1228.4186
1228.4186
1228.4186
1228.4186
1228.4186
1228.4186
1228.4186
1228.4186
1228.4186
1228.4186
1228.4186
1228.4186
1228.4186
1228.4186
1228.4186
1228.4186
1228.4186
1228.4186
1228.4186
1228.4186
1228.4186
1228.4186
1228.4186
1228.4186
1228.4186
1228.4186
1228.4186
1228.4186
1228.4186
1228.4186
1228.4186
1228.4186
1228.4186
1228.4186
1228.4186
1228.4186
1228.4186
1228.4186
1228.4186
1228.4186
1228.4186
1228.4186
1228.4186
1228.4186
1228.4186
1228.4186
1228.4186
1228.4186
1228.4186
1228.4186
1228.4186
1228.4186
1228.4186
1228.4186
1228.4186
1228.4186
1228.4186
1228.4186
1228.4186
1228.4186
1228.4186
1228.4186
1228.4186
1228.4186
1228.4186
1228.4186
1228.4186
1228.4186
1228.4186
1228.4186
1228.4186
1228.4186
1228.4186
1228.4186
1228.4186
1228.4186
1228.4186
1228.4186
1228.4186
1228.4186
1228.4186
1228.4186
1228.4186
1228.4186
1228.4186
1228.4186
1228.4186
1228.4186
1228.4186
1228.4186
1228.4186
1228.4186
1228.4186
1228.4186
1228.4186
1228.4186
1228.4186
1228.4186
1228.4186
1228.4186
1228.4186
1228.4186
1228.4186
1228.4186
1228.4186
1228.4186
1228.4186
1228.4186
1228.4186
1228.4186
1228.4186
1228.4186
1228.4186
1228.4186
1228.4186
1228.4186
1228.4186
1228.4186
1228.4186
1228.4186
1228.4186
1228.4186
1228.4186
1228.4186
1228.4186
1228.4186
1228.4186
1228.4186
1228.4186
1228.4186
1228.4186
1228.4186
1228.4186
1228.4186
1228.4186
1228.4186
1228.4186
1228.4186
1228.4186
1228.4186
1228.4186
1228.4186
1228.4186
1228.4186
1228.4186
1228.4186
1228.4186
1228.4186
1228.4186
1228.4186
1228.4186
1228.4186
1228.4186
1228.4186
1228.4186
1228.4186
1228.4186
1228.4186
1228.4186
1228.4186
1228.4186
1228.4186
1228.4186
1228.4186
1228.4186
1228.4186
1228.4186
1228.4186
1228.4186
1228.4186
1228.4186
1228.4186
1228.4186
1228.4186
1228.4186
1228.4186
1228.4186
1228.4186
1228.4186
1228.4186
1228.4186
1228.4186
1228.4186
1228.4186
1228.4186
1228.4186
1228.4186
1228.4186
1228.4186
1228.4186
1228.4186
1228.4186
1228.4186
1228.4186
1228.4186
1228.4186
1228.4186
1228.4186
1228.4186
1228.4186
1228.4186
1228.4186
1228.4186
1228.4186
1228.4186
1228.4186
1228.4186
1228.4186
1228.4186
1228.4186
1228.4186
1228.4186
1228.4186
1228.4186
1228.4186
1228.4186
1228.4186
1228.4186
1228.4186
1228.4186
1228.4186
1228.4186
1228.4186
1228.4186
1228.4186
1228.4186
1228.4186
1228.4186
1228.4186
1228.4186
1228.4186
1228.4186
1228.4186
1228.4186
1228.4186
1228.4186
1228.4186
1228.4186
1228.4186
1228.4186
1228.4186
1228.4186
1228.4186
1228.4186
1228.4186
1228.4186
1228.4186
1228.4186
1228.4186
1228.4186
1228.4186
1228.4186
1228.4186
1228.4186
1228.4186
1228.4186
1228.4186
1228.4186
1228.4186
1228.4186
1228.4186
1228.4186
1228.4186
1228.4186
1228.4186
1228.4186
1228.4186
1228.4186
1228.4186
1228.4186
1228.4186
1228.4186
1228.4186
1228.4186
1228.4186
1228.4186
1228.4186
1228.4186
1228.4186
1228.4186
1228.4186
1228.4186
1228.4186
1228.4186
1228.4186
1228.4186
1228.4186
1228.4186
1228.4186
1228.4186
1228.4186
1228.4186
1228.4186
1228.4186
1228.4186
1228.4186
1228.4186
1228.4186
1228.4186
1228.4186
1228.4186
1228.4186
1228.4186
1228.4186
1228.4186
1228.4186
1228.4186
1228.4186
1228.4186
1228.4186
1228.4186
1228.4186
1228.4186
1228.4186
1228.4186
1228.4186
1228.4186
1228.4186
1228.4186
1228.4186
1228.4186
1228.4186
1228.4186
1228.4186
1228.4186
1228.4186
1228.4186
1228.4186
1228.4186
1228.4186
1228.4186
1228.4186
1228.4186
1228.4186
1228.4186
1228.4186
1228.4186
1228.4186
1228.4186
1228.4186
1228.4186
1228.4186
1228.4186
1228.4186
1228.4186
1228.4186
1228.4186
1228.4186
1228.4186
1228.4186
1228.4186
1228.4186
1228.4186
1228.4186
1228.4186
1228.4186
1228.4186
1228.4186
1228.4186
1228.4186
1228.4186
1228.4186
1228.4186
1228.4186
1228.4186
1228.4186
1228.4186
1228.4186
1228.4186
1228.4186
1228.4186
1228.4186
1228.4186
1228.4186
1228.4186
1228.4186
1228.4186
1228.4186
1228.4186
1228.4186
1228.4186
1228.4186
1228.4186
1228.4186
EOF
