File: test2.txt
------------Properties------------
Number of cities: 51
Number of chromosomes: 1000
Number of generations: 1000
Tournament candidates: 3
Crossover type: PMX
Crossover rate: 100%
Mutation type: Inversion
Mutation rate: 10%
--------------Results-------------
Average distance of first generation: 1619.3998
Average distance of last generation: 1224.4312
Best distance of first generation: 1341.5991
Best distance of last generation: 469.52402
------Average per generation------
1619.3998
1591.17
1574.6378
1569.0845
1564.2937
1555.4485
1555.192
1551.7554
1552.2875
1552.1826
1547.1907
1544.4254
1545.568
1542.6376
1541.7458
1541.7155
1538.865
1538.6642
1536.0087
1533.8197
1536.8071
1531.5796
1533.0483
1533.4968
1533.7277
1527.6233
1527.0198
1531.7319
1525.9491
1526.3992
1528.9052
1524.8386
1521.7925
1523.186
1521.0266
1522.6365
1519.1918
1524.6299
1518.259
1517.2021
1518.3882
1514.473
1518.622
1514.9586
1520.4175
1518.06
1515.492
1515.1202
1516.8765
1517.6608
1515.652
1516.9355
1514.8379
1508.6482
1507.3534
1511.6564
1511.1875
1511.8756
1507.8176
1506.961
1507.7847
1504.1335
1502.5659
1505.4873
1502.1283
1499.9602
1500.2054
1499.7552
1495.5747
1486.7563
1485.2714
1487.5482
1485.3804
1485.7485
1479.5039
1480.9893
1478.3016
1474.4006
1475.2517
1473.2605
1476.5619
1475.0758
1464.3998
1464.4326
1463.9116
1462.7206
1463.7432
1459.9528
1456.737
1456.418
1449.225
1446.3519
1448.6997
1445.2505
1450.0891
1449.7573
1450.6421
1449.3514
1442.4392
1432.448
1435.4427
1441.4231
1435.5222
1437.4299
1438.3907
1428.8755
1433.088
1432.033
1434.3169
1432.4069
1432.5186
1433.7261
1430.7903
1435.0758
1434.5679
1430.2751
1432.5591
1432.0636
1430.3167
1436.2224
1439.2628
1435.425
1429.3773
1426.4467
1427.9327
1425.9755
1426.6083
1424.839
1428.2206
1428.3196
1422.54
1418.5261
1431.8245
1422.4984
1429.6844
1429.6722
1426.7537
1420.462
1417.6654
1417.7437
1414.2657
1412.5071
1413.8059
1420.5116
1416.6543
1416.0945
1420.6582
1420.5376
1419.1321
1416.5049
1415.9888
1412.2356
1407.0574
1403.8702
1406.6866
1408.1638
1414.5564
1414.4419
1413.526
1409.1726
1418.9534
1415.3558
1414.0715
1405.1885
1403.383
1400.7568
1400.6083
1402.1436
1405.4607
1398.2004
1388.4519
1390.808
1398.6282
1400.152
1397.448
1391.6663
1388.2501
1394.215
1392.7473
1385.698
1387.3225
1398.5472
1388.2833
1373.2465
1379.383
1370.8287
1372.8246
1375.1245
1371.1372
1358.6327
1373.6154
1373.5311
1369.5723
1367.9946
1367.7
1355.0295
1347.4226
1354.8313
1369.0247
1375.7607
1358.6113
1349.4987
1341.9478
1338.2153
1339.5167
1360.3795
1350.1404
1356.3997
1344.0596
1344.3209
1345.3778
1348.2726
1339.8351
1338.7001
1339.3997
1327.2378
1335.7623
1326.0854
1332.9086
1342.2457
1330.0762
1331.8953
1321.9097
1318.9114
1308.8569
1315.6622
1318.4893
1319.4858
1303.7743
1315.8464
1318.1268
1325.3291
1323.558
1327.6721
1328.7107
1326.7473
1326.2579
1333.9519
1324.2004
1332.0795
1322.8381
1331.6862
1316.484
1322.6226
1315.6073
1319.6981
1305.4642
1314.985
1310.7186
1311.9528
1314.7078
1310.7118
1311.0237
1304.0742
1308.9481
1292.4132
1288.2028
1284.513
1278.2561
1269.3295
1271.6125
1282.3232
1299.0085
1292.2047
1301.6239
1297.2349
1299.8162
1296.0995
1299.053
1294.3501
1286.89
1293.9291
1290.9056
1302.7417
1295.463
1293.1826
1308.6294
1311.5297
1300.4209
1303.2892
1300.7858
1292.1271
1293.9347
1295.0413
1300.1458
1305.5527
1276.7023
1281.6403
1285.9526
1276.6368
1291.8466
1285.9467
1285.589
1291.2754
1295.533
1284.3336
1283.7372
1280.1395
1283.9288
1263.5244
1262.8883
1261.259
1259.5964
1265.0322
1270.1367
1247.2169
1236.4982
1247.2201
1257.1063
1251.7927
1251.7103
1254.3314
1267.9894
1266.3995
1263.0392
1265.0386
1259.019
1261.7062
1253.202
1249.8369
1253.3447
1249.0171
1248.9305
1241.5936
1253.7839
1273.7832
1287.9988
1278.0144
1278.4517
1262.979
1265.4895
1260.917
1249.2745
1256.5186
1252.7773
1247.5857
1252.6562
1257.368
1245.4518
1233.0898
1244.2982
1255.651
1262.5817
1271.8958
1265.358
1277.6271
1255.3931
1266.407
1260.9143
1262.3396
1268.1924
1279.2126
1285.9683
1274.1451
1272.177
1257.7424
1245.668
1256.9578
1275.3995
1278.1724
1272.8938
1275.963
1257.489
1261.3314
1266.1139
1262.1586
1272.4054
1271.942
1273.4996
1269.9303
1269.798
1263.6675
1268.0929
1261.3447
1264.465
1267.7205
1265.9663
1266.953
1255.0839
1252.7563
1258.2721
1269.6869
1281.8195
1266.7906
1264.0125
1265.1045
1261.908
1254.6427
1261.4364
1256.737
1262.1406
1255.1405
1246.5928
1235.9465
1219.8041
1222.6517
1233.9934
1236.5077
1243.6912
1243.6042
1245.4509
1252.2408
1237.9719
1238.5734
1247.8547
1261.0841
1278.0339
1266.2649
1272.746
1278.1069
1269.5952
1267.9517
1257.2567
1253.6425
1242.5862
1239.4099
1250.8142
1247.2802
1236.0043
1234.5981
1244.2864
1256.3221
1256.7452
1237.3937
1240.1396
1256.7668
1247.5497
1242.7601
1244.2494
1223.6023
1232.2852
1235.0253
1244.535
1240.5277
1233.5126
1248.5604
1238.3721
1235.6747
1243.2977
1239.5691
1233.9105
1237.1466
1232.6755
1236.4396
1238.2069
1244.9635
1236.0505
1230.6831
1234.4126
1230.9573
1230.1754
1250.3748
1246.4897
1242.1453
1246.2534
1235.1503
1251.6559
1258.5049
1246.7574
1248.465
1269.8625
1258.0952
1255.0262
1254.4303
1252.7847
1247.7498
1233.6023
1241.4225
1226.1923
1220.3785
1217.7386
1231.7152
1244.184
1247.7482
1260.8007
1245.7808
1265.2783
1253.5797
1261.4731
1246.6729
1230.7881
1221.4348
1220.6135
1225.6005
1233.5613
1245.7552
1242.7462
1239.5986
1238.773
1230.4283
1228.2312
1220.6316
1242.384
1236.5385
1234.9166
1243.755
1246.9181
1249.0415
1248.8679
1246.5956
1243.2991
1244.1185
1237.415
1224.4053
1235.5908
1242.801
1253.6162
1237.9252
1237.8763
1238.7203
1220.8756
1236.5134
1239.4856
1253.9298
1245.7296
1245.7074
1252.1708
1250.395
1244.7485
1239.0288
1235.0457
1238.834
1246.7346
1246.5427
1245.6991
1234.4707
1236.5663
1225.7368
1237.0518
1229.2244
1230.5144
1245.7982
1230.9169
1234.6985
1224.7461
1225.9734
1238.1543
1229.374
1231.287
1237.9805
1218.8662
1222.9966
1232.2976
1220.4658
1225.1525
1213.2719
1217.29
1214.7107
1221.82
1220.1594
1232.1077
1241.7651
1233.6393
1220.686
1208.9573
1205.5654
1206.6042
1204.4606
1206.0533
1211.2689
1202.4918
1200.4346
1221.0265
1217.0327
1216.163
1208.3171
1207.4725
1216.5565
1215.7269
1207.9955
1217.1122
1212.9283
1219.7657
1222.9121
1212.2979
1235.3967
1231.4421
1228.2129
1241.9775
1232.2256
1237.2721
1237.3727
1237.3918
1229.4027
1244.0767
1239.2024
1246.0115
1243.2405
1236.4308
1234.7644
1220.1775
1213.4614
1215.8502
1214.3822
1232.9838
1227.8337
1233.825
1243.1819
1236.4471
1240.4283
1229.1473
1233.8457
1227.0161
1234.7897
1230.4518
1226.4459
1209.364
1209.7911
1224.5184
1225.2997
1213.222
1222.6344
1222.1417
1208.704
1207.1533
1218.0585
1215.1292
1220.7401
1214.2947
1220.4758
1222.3923
1223.3112
1212.2411
1228.8308
1214.2953
1232.1255
1238.6349
1234.8673
1237.2045
1214.0432
1214.1683
1207.7675
1219.5055
1232.2423
1219.6924
1234.395
1254.1956
1245.2692
1239.0863
1233.7466
1240.0193
1238.0471
1242.9707
1235.1675
1238.005
1223.0457
1230.7059
1214.2822
1234.1097
1239.772
1245.0582
1241.6677
1233.3381
1250.9558
1254.1688
1254.6707
1230.1923
1223.1146
1229.5642
1201.5824
1212.6494
1221.9672
1212.1984
1206.9512
1217.9602
1213.8049
1203.4729
1188.5558
1198.7189
1210.9923
1212.1326
1211.0704
1212.2472
1215.7704
1233.1644
1229.7305
1238.2108
1228.987
1225.198
1220.7742
1237.2225
1234.6799
1227.238
1215.3896
1218.6322
1223.8347
1220.5186
1240.7972
1220.5258
1230.2563
1234.7996
1225.3868
1210.4756
1213.1992
1216.9667
1208.5752
1212.7211
1223.5283
1216.4608
1193.7046
1215.0734
1227.3425
1221.6371
1218.992
1206.7203
1203.8031
1201.2074
1194.8494
1204.895
1205.2324
1209.5531
1214.0514
1204.5767
1217.542
1227.4525
1224.5559
1236.978
1231.0504
1200.6179
1209.8136
1210.9641
1198.5847
1188.5542
1204.3079
1200.1136
1215.7793
1217.7552
1227.6304
1213.5343
1205.0627
1214.0933
1206.1802
1208.3364
1222.2754
1225.4739
1197.1826
1223.1509
1225.1619
1212.1498
1212.8488
1203.3435
1209.3784
1205.4407
1217.5504
1210.5259
1203.1349
1200.9486
1192.773
1184.0153
1172.7705
1181.0631
1191.2483
1194.9413
1208.9
1211.6584
1203.9993
1206.7025
1207.7822
1198.4481
1207.4485
1212.3337
1219.198
1217.3398
1238.1965
1233.042
1241.5736
1247.4885
1251.4785
1245.3113
1229.5452
1215.4226
1232.0479
1226.457
1217.657
1208.8179
1216.4119
1219.7046
1214.5887
1209.4008
1211.4059
1206.47
1196.726
1195.1495
1203.7831
1205.5447
1199.7809
1195.0356
1193.8529
1213.5677
1227.1333
1222.7719
1214.9797
1214.6229
1197.4642
1211.3627
1207.6149
1215.6136
1218.2477
1219.6427
1213.9368
1191.7738
1218.4895
1203.4934
1201.743
1192.9313
1192.751
1202.134
1212.0913
1204.819
1209.4187
1198.2332
1199.6047
1207.2356
1205.7968
1206.2184
1202.8153
1208.9209
1222.6879
1204.945
1210.0774
1208.5557
1214.181
1218.5256
1192.007
1192.8428
1187.4076
1192.2985
1212.223
1205.6554
1206.2869
1213.6807
1211.9169
1207.1238
1207.1608
1200.9374
1202.1766
1208.6891
1194.7455
1203.7004
1205.5006
1216.4524
1208.7225
1211.3263
1227.065
1211.622
1216.8124
1212.9005
1216.6001
1203.8259
1193.5931
1202.7252
1200.03
1210.4209
1191.2979
1200.978
1199.6444
1201.5479
1195.605
1203.6017
1215.8276
1213.1737
1199.3934
1197.9666
1203.9952
1187.5679
1192.9379
1222.8732
1212.5563
1229.7357
1219.3547
1215.2042
1206.2571
1194.8739
1204.3793
1221.3182
1227.2485
1239.3964
1218.3718
1222.4882
1220.1984
1218.4028
1218.4006
1211.4482
1215.4572
1224.8293
1228.5964
1227.9498
1226.3259
1206.727
1213.8309
1197.8413
1217.6664
1209.8691
1224.7511
1220.3773
1204.7014
1205.3973
1202.8689
1210.9208
1200.8536
1204.2693
1204.7473
1229.3263
1210.0928
1224.1729
1240.7622
1232.1683
1232.6469
1222.2186
1223.3337
1211.5247
1226.153
1215.2533
1214.365
1209.3287
1202.1371
1197.9755
1188.5074
1213.1067
1215.911
1208.714
1214.8989
1237.2295
1223.8676
1224.5497
1231.1134
1232.4253
1223.6294
1212.1558
1206.7368
1208.3866
1193.4242
1199.438
1209.1583
1191.6677
1205.0543
1204.5441
1196.788
1195.9518
1199.5989
1208.8519
1226.7441
1223.2983
1227.3369
1219.1444
1217.2351
1201.4199
1208.637
1206.8455
1195.8744
1216.3071
1204.0986
1198.3859
1195.6742
1200.1781
1217.6548
1224.5637
1209.3524
1217.9716
1214.5951
1212.0585
1218.6975
1218.0526
1229.5952
1227.9606
1214.736
1211.6823
1208.2091
1207.7156
1200.6595
1184.3635
1190.17
1201.6542
1204.2432
1209.6243
1203.0184
1203.5613
1190.4823
1196.9182
1205.6288
1204.9368
1199.9633
1212.0865
1210.5001
1221.3782
1220.3782
1219.6165
1214.3156
1202.8754
1224.9204
1216.3646
1210.84
1219.3456
1215.5972
1210.7064
1204.0255
1216.3141
1206.9617
1205.4325
1224.4312
-------Best per generation--------
1341.5991
1341.5991
1317.6351
1283.0568
1271.7721
1271.7721
1271.7721
1217.5385
1217.5385
1217.5385
1217.5385
1217.5385
1217.5385
1217.5385
1217.5385
1217.5385
1217.5385
1217.5385
1217.5385
1203.1995
1203.1995
1203.1995
1203.1995
1201.8722
1201.8722
1201.8722
1201.8722
1201.8722
1201.8722
1201.8722
1201.8722
1201.8722
1149.4248
1149.4248
1149.4248
1149.4248
1149.4248
1149.4248
1149.4248
1149.4248
1149.4248
1149.4248
1149.4248
1149.4248
1106.7753
1106.7753
1106.7753
1106.7753
1106.7753
1106.7753
1106.7753
1070.6748
1070.6748
1070.6748
1070.6748
1070.6748
1070.6748
1070.6748
1070.6748
1070.6748
1070.6748
1070.6748
1070.6748
1070.6748
1070.6748
1070.6748
1070.6748
1070.6748
1070.6748
1070.6748
1070.6748
1070.1089
1070.1089
1070.1089
1070.1089
1062.5691
1062.5691
1062.5691
1062.5691
1062.5691
1062.5691
1062.5691
1062.5691
1059.6788
1059.6788
1059.6788
1059.6788
1059.6788
1059.6788
1032.2761
1025.7205
1025.7205
1025.7205
1025.7205
1005.05597
992.97815
992.97815
992.97815
992.97815
992.97815
992.97815
992.97815
992.97815
991.8373
991.8373
991.8373
991.8373
991.8373
991.8373
991.8373
991.8373
991.8373
991.8373
963.2481
963.2481
963.2481
963.2481
963.2481
963.2481
963.2481
963.2481
963.2481
963.2481
963.2481
963.2481
963.2481
957.7549
957.7549
957.7549
957.7549
957.7549
957.7549
957.7549
957.7549
916.3122
916.3122
916.3122
916.3122
916.3122
916.3122
916.3122
916.3122
916.3122
916.3122
916.3122
916.3122
916.3122
916.3122
916.3122
916.3122
916.3122
868.8708
868.8708
865.9366
865.9366
865.9366
865.9366
865.9366
865.9366
865.9366
865.9366
855.944
855.944
855.944
855.944
855.944
855.944
855.944
855.944
855.944
855.944
855.944
855.944
844.1503
844.1503
844.1503
844.1503
835.5155
835.5155
835.361
835.361
835.361
835.361
835.361
835.361
835.361
834.7174
834.7174
834.7174
834.38916
808.8936
808.8936
803.1114
803.1114
796.7277
791.7348
791.7348
791.7348
791.7348
775.9786
775.9786
775.9786
775.9786
775.9786
771.1634
771.1634
771.1634
771.1634
771.1634
771.1634
771.1634
771.1634
740.7908
740.7908
740.7908
740.7908
740.7908
740.7908
740.7908
740.7908
740.7908
740.7908
734.6445
734.6445
731.4685
731.4685
731.4685
731.4685
731.4685
731.4685
731.4685
731.4685
731.4685
731.4685
726.5311
726.5311
726.5311
726.5311
719.1027
719.1027
719.1027
711.91565
711.91565
711.91565
711.91565
711.65576
711.65576
711.65576
711.65576
711.65576
707.8468
701.88434
701.88434
699.7211
699.7211
681.6397
679.54553
679.54553
677.70795
677.70795
677.70795
670.85425
670.85425
670.85425
670.85425
670.85425
670.85425
668.66174
668.66174
668.66174
668.66174
668.66174
664.53735
664.53735
650.7836
650.7836
650.7836
650.7836
650.7836
650.7836
650.7836
650.7836
650.7836
650.7836
650.7836
643.23895
643.23895
643.23895
643.23895
643.23895
643.23895
643.23895
637.7081
637.7081
637.7081
637.513
637.513
630.7609
630.7609
630.7609
630.7609
630.7609
630.7609
630.7609
630.7609
629.81616
629.81616
629.81616
624.0518
624.0518
624.0518
617.3382
617.12616
617.12616
617.12616
617.12616
615.9667
615.9667
615.9667
615.9667
615.9667
613.2147
613.2147
613.2147
613.2147
613.2147
613.2147
613.2147
612.6827
612.6827
612.6827
612.6827
612.6827
612.6827
612.6827
612.6827
612.6827
612.6827
612.6827
612.6827
612.6827
612.32855
612.32855
612.32855
612.32855
611.8269
611.8269
600.06274
600.06274
600.06274
600.06274
598.16656
598.16656
598.16656
598.16656
598.16656
598.16656
598.16656
598.16656
597.3108
597.3108
597.3108
597.3108
597.3108
597.3108
594.50757
594.50757
594.50757
594.50757
594.50757
594.50757
594.50757
593.97095
586.2439
586.2439
586.2439
586.2439
586.2439
586.2439
586.2439
586.2439
586.2439
586.2439
586.2439
586.2439
585.9682
585.9682
585.9682
584.1588
584.0779
584.0779
578.00714
578.00714
578.00714
578.00714
578.00714
578.00714
578.00714
578.00714
578.00714
578.00714
578.00714
578.00714
578.00714
578.00714
578.00714
577.70447
576.0785
571.3046
571.3046
571.3046
570.3721
570.3721
570.3721
570.3721
570.3721
570.3721
570.3721
570.3721
570.3721
570.3721
570.3721
570.3721
570.3721
570.3721
569.8964
569.8964
569.8964
569.8964
569.8964
567.3779
567.3779
567.3779
567.3779
567.3779
567.3779
567.3779
567.3779
567.3779
567.3779
567.3779
567.3779
567.3779
567.3779
567.3779
559.13293
559.13293
559.13293
559.13293
559.13293
559.13293
557.863
548.49524
548.49524
548.49524
548.49524
548.49524
548.49524
548.49524
548.49524
548.49524
548.49524
548.49524
548.49524
548.49524
548.49524
548.49524
548.49524
548.49524
548.49524
548.49524
535.3263
535.3263
535.3263
535.3263
535.3263
535.3263
535.3263
535.3263
535.3263
535.3263
535.3263
535.3263
535.3263
535.3263
535.3263
535.3263
524.6886
524.6886
524.6886
524.6886
524.6886
524.6886
524.6886
524.6886
523.41864
523.41864
523.41864
523.41864
523.41864
523.41864
523.41864
519.5345
519.5345
519.5345
519.5345
519.5345
519.5345
519.5345
519.5345
519.5345
519.5345
519.5345
519.5345
519.5345
519.5345
519.5345
519.5345
519.5345
519.5345
519.5345
516.07135
516.07135
516.07135
516.07135
516.07135
516.07135
516.07135
516.07135
516.07135
516.07135
516.07135
516.07135
516.07135
516.07135
516.07135
516.07135
516.07135
516.07135
516.07135
516.07135
516.07135
516.07135
516.07135
516.07135
516.07135
516.07135
516.07135
513.6345
513.6345
513.6345
513.6345
513.6345
513.6345
513.6345
510.17245
510.17245
510.17245
510.17245
510.17245
510.17245
510.17245
510.17245
510.17245
510.17245
510.17245
510.17245
510.17245
510.17245
510.17245
510.17245
510.17245
510.17245
510.17245
510.17245
510.17245
510.17245
510.17245
510.17245
510.17245
510.17245
510.17245
510.17245
510.17245
510.17245
510.17245
499.804
499.804
499.804
499.804
499.804
499.804
499.804
499.804
499.804
499.804
499.804
499.804
499.804
499.804
499.804
499.804
499.804
496.42957
496.42957
496.42957
496.42957
496.42957
496.42957
496.42957
496.42957
496.42957
496.42957
496.42957
496.42957
496.42957
496.42957
496.42957
496.42957
496.42957
496.42957
496.42957
496.42957
496.42957
496.42957
496.42957
496.42957
496.42957
496.42957
496.42957
496.42957
496.42957
496.42957
496.42957
496.42957
496.42957
496.42957
496.42957
496.42957
496.42957
496.42957
496.42957
496.42957
489.91867
489.91867
489.91867
489.91867
487.90973
487.90973
487.90973
487.90973
487.90973
487.90973
487.90973
487.90973
487.90973
487.90973
487.90973
487.90973
487.90973
487.90973
487.90973
487.90973
487.90973
487.90973
487.90973
487.90973
487.90973
487.90973
481.39883
481.39883
481.39883
481.39883
480.16992
480.16992
480.16992
480.16992
480.16992
479.30457
479.30457
479.30457
479.30457
479.30457
479.30457
479.30457
479.30457
479.30457
477.11014
477.11014
477.11014
477.11014
477.11014
477.11014
477.11014
477.11014
477.11014
476.19046
476.19046
476.19046
476.19046
476.19046
476.19046
476.19046
476.19046
475.32507
475.32507
475.32507
475.32507
472.2347
472.2347
472.2347
472.2347
472.2347
472.2347
472.2347
472.2347
472.2347
472.2347
471.36935
471.36935
471.36935
471.36935
471.36935
471.36935
471.36935
471.36935
471.36935
471.36935
471.36935
471.36935
471.36935
471.36935
471.36935
471.36935
471.36935
471.36935
471.36935
471.36935
471.36935
471.36935
471.36935
471.36935
471.36935
471.36935
471.36935
471.36935
471.36935
471.36935
471.36935
469.52402
469.52402
469.52402
469.52402
469.52402
469.52402
469.52402
469.52402
469.52402
469.52402
469.52402
469.52402
469.52402
469.52402
469.52402
469.52402
469.52402
469.52402
469.52402
469.52402
469.52402
469.52402
469.52402
469.52402
469.52402
469.52402
469.52402
469.52402
469.52402
469.52402
469.52402
469.52402
469.52402
469.52402
469.52402
469.52402
469.52402
469.52402
469.52402
469.52402
469.52402
469.52402
469.52402
469.52402
469.52402
469.52402
469.52402
469.52402
469.52402
469.52402
469.52402
469.52402
469.52402
469.52402
469.52402
469.52402
469.52402
469.52402
469.52402
469.52402
469.52402
469.52402
469.52402
469.52402
469.52402
469.52402
469.52402
469.52402
469.52402
469.52402
469.52402
469.52402
469.52402
469.52402
469.52402
469.52402
469.52402
469.52402
469.52402
469.52402
469.52402
469.52402
469.52402
469.52402
469.52402
469.52402
469.52402
469.52402
469.52402
469.52402
469.52402
469.52402
469.52402
469.52402
469.52402
469.52402
469.52402
469.52402
469.52402
469.52402
469.52402
469.52402
469.52402
469.52402
469.52402
469.52402
469.52402
469.52402
469.52402
469.52402
469.52402
469.52402
469.52402
469.52402
469.52402
469.52402
469.52402
469.52402
469.52402
469.52402
469.52402
469.52402
469.52402
469.52402
469.52402
469.52402
469.52402
469.52402
469.52402
469.52402
469.52402
469.52402
469.52402
469.52402
469.52402
469.52402
469.52402
469.52402
469.52402
469.52402
469.52402
469.52402
469.52402
469.52402
469.52402
469.52402
469.52402
469.52402
469.52402
469.52402
469.52402
469.52402
469.52402
469.52402
469.52402
469.52402
469.52402
469.52402
469.52402
469.52402
469.52402
469.52402
469.52402
469.52402
469.52402
469.52402
469.52402
469.52402
469.52402
469.52402
469.52402
469.52402
469.52402
469.52402
469.52402
469.52402
469.52402
469.52402
469.52402
469.52402
469.52402
469.52402
469.52402
469.52402
469.52402
469.52402
469.52402
469.52402
469.52402
469.52402
469.52402
469.52402
469.52402
469.52402
469.52402
469.52402
469.52402
469.52402
469.52402
469.52402
469.52402
469.52402
469.52402
469.52402
469.52402
469.52402
469.52402
469.52402
469.52402
469.52402
469.52402
469.52402
469.52402
469.52402
469.52402
469.52402
469.52402
469.52402
469.52402
469.52402
469.52402
469.52402
469.52402
469.52402
469.52402
469.52402
469.52402
469.52402
469.52402
469.52402
469.52402
469.52402
469.52402
469.52402
469.52402
469.52402
469.52402
469.52402
469.52402
469.52402
469.52402
469.52402
469.52402
469.52402
469.52402
469.52402
469.52402
469.52402
469.52402
469.52402
469.52402
EOF
559.50336
559.50336
559.50336
559.50336
559.50336
559.50336
559.50336
559.50336
559.50336
559.50336
559.50336
559.50336
559.50336
559.50336
559.50336
559.50336
559.50336
EOF
e=1462.2639Best=1230.4763
524 : Average=1458.333Best=1230.4763
525 : Average=1466.8721Best=1230.4763
526 : Average=1458.5087Best=1230.4763
527 : Average=1458.8511Best=1230.4763
528 : Average=1451.7153Best=1230.4763
529 : Average=1451.7715Best=1230.4763
530 : Average=1450.6896Best=1230.4763
531 : Average=1451.4653Best=1230.4763
532 : Average=1463.2969Best=1230.4763
533 : Average=1463.3545Best=1230.4763
534 : Average=1453.5106Best=1230.4763
535 : Average=1468.8298Best=1230.4763
536 : Average=1465.5096Best=1230.4763
537 : Average=1460.2063Best=1230.4763
538 : Average=1457.4172Best=1230.4763
539 : Average=1451.596Best=1230.4763
540 : Average=1457.916Best=1230.4763
541 : Average=1455.2538Best=1230.4763
542 : Average=1459.1926Best=1230.4763
543 : Average=1455.6442Best=1230.4763
544 : Average=1458.1573Best=1230.4763
545 : Average=1463.3936Best=1230.4763
546 : Average=1452.099Best=1230.4763
547 : Average=1460.6986Best=1230.4763
548 : Average=1455.204Best=1230.4763
549 : Average=1458.259Best=1230.4763
550 : Average=1458.7771Best=1230.4763
551 : Average=1452.0991Best=1230.4763
552 : Average=1460.301Best=1230.4763
553 : Average=1461.7284Best=1230.4763
554 : Average=1462.5209Best=1230.4763
555 : Average=1451.239Best=1230.4763
556 : Average=1448.8511Best=1230.4763
557 : Average=1450.4987Best=1230.4763
558 : Average=1457.5332Best=1230.4763
559 : Average=1456.4344Best=1230.4763
560 : Average=1458.3062Best=1230.4763
561 : Average=1461.901Best=1230.4763
562 : Average=1456.0898Best=1230.4763
563 : Average=1466.3486Best=1230.4763
564 : Average=1461.6813Best=1230.4763
565 : Average=1468.1571Best=1230.4763
566 : Average=1460.0322Best=1230.4763
567 : Average=1453.3501Best=1230.4763
568 : Average=1462.7571Best=1230.4763
569 : Average=1454.0353Best=1230.4763
570 : Average=1460.2555Best=1230.4763
571 : Average=1453.6204Best=1230.4763
572 : Average=1465.3495Best=1230.4763
573 : Average=1465.1855Best=1230.4763
574 : Average=1469.5029Best=1230.4763
575 : Average=1466.4722Best=1230.4763
576 : Average=1465.9564Best=1230.4763
577 : Average=1463.2948Best=1230.4763
578 : Average=1461.3986Best=1230.4763
579 : Average=1456.9977Best=1230.4763
580 : Average=1459.6608Best=1230.4763
581 : Average=1461.2413Best=1230.4763
582 : Average=1457.1049Best=1230.4763
583 : Average=1456.47Best=1230.4763
584 : Average=1459.3278Best=1230.4763
585 : Average=1452.8693Best=1230.4763
586 : Average=1466.424Best=1230.4763
587 : Average=1467.5542Best=1230.4763
588 : Average=1454.0582Best=1230.4763
589 : Average=1457.7909Best=1230.4763
590 : Average=1457.4596Best=1230.4763
591 : Average=1461.6757Best=1230.4763
592 : Average=1461.3152Best=1230.4763
593 : Average=1462.0524Best=1230.4763
594 : Average=1464.4252Best=1230.4763
595 : Average=1464.7401Best=1230.4763
596 : Average=1462.7496Best=1230.4763
597 : Average=1464.0558Best=1230.4763
598 : Average=1466.4257Best=1230.4763
599 : Average=1462.2423Best=1230.4763
600 : Average=1462.5216Best=1230.4763
601 : Average=1453.4039Best=1230.4763
602 : Average=1464.876Best=1230.4763
603 : Average=1467.3927Best=1230.4763
604 : Average=1468.4259Best=1230.4763
605 : Average=1463.3911Best=1230.4763
606 : Average=1468.1654Best=1230.4763
607 : Average=1470.1149Best=1230.4763
608 : Average=1466.6207Best=1230.4763
609 : Average=1465.6036Best=1230.4763
610 : Average=1463.6927Best=1230.4763
611 : Average=1458.1489Best=1230.4763
612 : Average=1465.485Best=1230.4763
613 : Average=1462.8785Best=1230.4763
614 : Average=1462.9319Best=1230.4763
615 : Average=1454.7306Best=1230.4763
616 : Average=1456.367Best=1230.4763
617 : Average=1456.763Best=1230.4763
618 : Average=1461.8297Best=1230.4763
619 : Average=1463.3937Best=1230.4763
620 : Average=1458.7906Best=1230.4763
621 : Average=1456.95Best=1230.4763
622 : Average=1462.5302Best=1230.4763
623 : Average=1459.1428Best=1230.4763
624 : Average=1447.4202Best=1230.4763
625 : Average=1460.0814Best=1230.4763
626 : Average=1460.5469Best=1230.4763
627 : Average=1456.5717Best=1230.4763
628 : Average=1461.8651Best=1230.4763
629 : Average=1460.624Best=1230.4763
630 : Average=1460.6417Best=1230.4763
631 : Average=1453.995Best=1230.4763
632 : Average=1464.2983Best=1230.4763
633 : Average=1460.4216Best=1230.4763
634 : Average=1460.9Best=1230.4763
635 : Average=1454.961Best=1230.4763
636 : Average=1456.4979Best=1230.4763
637 : Average=1459.8617Best=1230.4763
638 : Average=1459.4778Best=1230.4763
639 : Average=1457.2817Best=1230.4763
640 : Average=1466.0685Best=1230.4763
641 : Average=1462.2781Best=1230.4763
642 : Average=1460.0118Best=1230.4763
643 : Average=1462.2775Best=1230.4763
644 : Average=1463.899Best=1230.4763
645 : Average=1466.2983Best=1230.4763
646 : Average=1462.5479Best=1230.4763
647 : Average=1463.0165Best=1230.4763
648 : Average=1458.3838Best=1230.4763
649 : Average=1457.3069Best=1230.4763
650 : Average=1456.5746Best=1230.4763
651 : Average=1452.5602Best=1230.4763
652 : Average=1452.9348Best=1230.4763
653 : Average=1462.8875Best=1230.4763
654 : Average=1461.3579Best=1230.4763
655 : Average=1465.2336Best=1230.4763
656 : Average=1458.0928Best=1230.4763
657 : Average=1454.5359Best=1230.4763
658 : Average=1457.5638Best=1230.4763
659 : Average=1455.6829Best=1230.4763
660 : Average=1465.5374Best=1230.4763
661 : Average=1456.7235Best=1230.4763
662 : Average=1463.44Best=1230.4763
663 : Average=1461.7825Best=1230.4763
664 : Average=1458.2968Best=1230.4763
665 : Average=1463.0266Best=1230.4763
666 : Average=1463.8552Best=1230.4763
667 : Average=1452.608Best=1230.4763
668 : Average=1459.0297Best=1230.4763
669 : Average=1461.4883Best=1230.4763
670 : Average=1464.9066Best=1230.4763
671 : Average=1456.2214Best=1230.4763
672 : Average=1465.4126Best=1230.4763
673 : Average=1460.7775Best=1230.4763
674 : Average=1466.5325Best=1230.4763
675 : Average=1466.4867Best=1230.4763
676 : Average=1461.6498Best=1230.4763
677 : Average=1457.9597Best=1230.4763
678 : Average=1459.0646Best=1230.4763
679 : Average=1452.1858Best=1230.4763
680 : Average=1454.2804Best=1230.4763
681 : Average=1458.7234Best=1230.4763
682 : Average=1455.0583Best=1230.4763
683 : Average=1452.2827Best=1230.4763
684 : Average=1464.8562Best=1230.4763
685 : Average=1461.9089Best=1230.4763
686 : Average=1457.8328Best=1230.4763
687 : Average=1464.0537Best=1230.4763
688 : Average=1457.297Best=1230.4763
689 : Average=1464.9725Best=1230.4763
690 : Average=1465.4479Best=1230.4763
691 : Average=1462.8027Best=1230.4763
692 : Average=1462.3398Best=1230.4763
693 : Average=1462.2083Best=1230.4763
694 : Average=1455.8966Best=1230.4763
695 : Average=1460.5221Best=1230.4763
696 : Average=1457.4039Best=1230.4763
697 : Average=1453.5343Best=1230.4763
698 : Average=1454.9425Best=1230.4763
699 : Average=1451.4589Best=1230.4763
700 : Average=1456.3416Best=1230.4763
701 : Average=1453.8907Best=1230.4763
702 : Average=1459.3295Best=1230.4763
703 : Average=1464.5831Best=1230.4763
704 : Average=1460.3534Best=1230.4763
705 : Average=1460.8687Best=1230.4763
706 : Average=1456.187Best=1230.4763
707 : Average=1460.3623Best=1230.4763
708 : Average=1459.0754Best=1230.4763
709 : Average=1452.0068Best=1230.4763
710 : Average=1461.631Best=1230.4763
711 : Average=1459.3921Best=1230.4763
712 : Average=1459.333Best=1230.4763
713 : Average=1462.4504Best=1230.4763
714 : Average=1462.5294Best=1230.4763
715 : Average=1456.7225Best=1230.4763
716 : Average=1456.847Best=1230.4763
717 : Average=1459.2085Best=1230.4763
718 : Average=1455.3243Best=1230.4763
719 : Average=1464.2828Best=1230.4763
720 : Average=1454.4326Best=1230.4763
721 : Average=1462.5764Best=1213.4604
722 : Average=1459.433Best=1213.4604
723 : Average=1459.5868Best=1213.4604
724 : Average=1454.2029Best=1213.4604
725 : Average=1458.3202Best=1213.4604
726 : Average=1457.4773Best=1213.4604
727 : Average=1462.7328Best=1213.4604
728 : Average=1463.5875Best=1213.4604
729 : Average=1463.5729Best=1213.4604
730 : Average=1461.947Best=1213.4604
731 : Average=1463.4415Best=1213.4604
732 : Average=1463.6155Best=1213.4604
733 : Average=1453.7867Best=1213.4604
734 : Average=1446.7642Best=1213.4604
735 : Average=1452.9878Best=1213.4604
736 : Average=1458.0808Best=1213.4604
737 : Average=1458.8138Best=1213.4604
738 : Average=1446.4985Best=1213.4604
739 : Average=1447.2617Best=1213.4604
740 : Average=1451.5585Best=1213.4604
741 : Average=1454.6355Best=1213.4604
742 : Average=1452.488Best=1213.4604
743 : Average=1454.3282Best=1213.4604
744 : Average=1468.6898Best=1213.4604
745 : Average=1466.1464Best=1213.4604
746 : Average=1450.853Best=1213.4604
747 : Average=1445.2549Best=1213.4604
748 : Average=1442.0898Best=1213.4604
749 : Average=1447.0272Best=1213.4604
750 : Average=1455.5879Best=1213.4604
751 : Average=1457.395Best=1213.4604
752 : Average=1458.932Best=1213.4604
753 : Average=1464.6349Best=1213.4604
754 : Average=1465.9689Best=1213.4604
755 : Average=1453.4672Best=1213.4604
756 : Average=1457.9106Best=1213.4604
757 : Average=1461.556Best=1213.4604
758 : Average=1457.8278Best=1213.4604
759 : Average=1455.3938Best=1213.4604
760 : Average=1460.0667Best=1213.4604
761 : Average=1460.3263Best=1213.4604
762 : Average=1457.6356Best=1213.4604
763 : Average=1453.6254Best=1213.4604
764 : Average=1455.8218Best=1213.4604
765 : Average=1446.2407Best=1213.4604
766 : Average=1443.355Best=1213.4604
767 : Average=1449.2151Best=1213.4604
768 : Average=1452.4166Best=1213.4604
769 : Average=1456.2577Best=1213.4604
770 : Average=1444.7373Best=1213.4604
771 : Average=1451.8019Best=1213.4604
772 : Average=1451.4952Best=1213.4604
773 : Average=1446.0996Best=1213.4604
774 : Average=1455.3273Best=1213.4604
775 : Average=1443.7542Best=1213.4604
776 : Average=1447.6431Best=1213.4604
777 : Average=1453.9739Best=1213.4604
778 : Average=1439.0143Best=1213.4604
779 : Average=1445.7273Best=1213.4604
780 : Average=1451.522Best=1213.4604
781 : Average=1447.5708Best=1213.4604
782 : Average=1446.0383Best=1213.4604
783 : Average=1448.7085Best=1213.4604
784 : Average=1453.9006Best=1213.4604
785 : Average=1450.7479Best=1213.4604
786 : Average=1457.9841Best=1213.4604
787 : Average=1460.5553Best=1213.4604
788 : Average=1460.4536Best=1213.4604
789 : Average=1456.4026Best=1213.4604
790 : Average=1446.2908Best=1213.4604
791 : Average=1446.759Best=1213.4604
792 : Average=1450.2554Best=1213.4604
793 : Average=1449.9233Best=1213.4604
794 : Average=1463.0891Best=1213.4604
795 : Average=1459.8209Best=1213.4604
796 : Average=1457.1841Best=1213.4604
797 : Average=1460.7799Best=1213.4604
798 : Average=1446.0112Best=1213.4604
799 : Average=1442.7495Best=1213.4604
800 : Average=1451.9552Best=1213.4604
801 : Average=1450.9371Best=1213.4604
802 : Average=1447.9535Best=1213.4604
803 : Average=1461.3527Best=1213.4604
804 : Average=1460.7767Best=1213.4604
805 : Average=1452.4515Best=1213.4604
806 : Average=1452.5447Best=1213.4604
807 : Average=1451.472Best=1213.4604
808 : Average=1453.8948Best=1213.4604
809 : Average=1452.6031Best=1213.4604
810 : Average=1453.6497Best=1213.4604
811 : Average=1454.2877Best=1213.4604
812 : Average=1459.9707Best=1213.4604
813 : Average=1451.1316Best=1213.4604
814 : Average=1450.8066Best=1213.4604
815 : Average=1454.4755Best=1213.4604
816 : Average=1451.8036Best=1213.4604
817 : Average=1454.2897Best=1213.4604
818 : Average=1446.1122Best=1213.4604
819 : Average=1445.7426Best=1213.4604
820 : Average=1452.4415Best=1213.4604
821 : Average=1455.1078Best=1213.4604
822 : Average=1454.3759Best=1213.4604
823 : Average=1456.6833Best=1213.4604
824 : Average=1462.8754Best=1213.4604
825 : Average=1456.2776Best=1213.4604
826 : Average=1447.8313Best=1213.4604
827 : Average=1456.8901Best=1213.4604
828 : Average=1457.3087Best=1213.4604
829 : Average=1461.6373Best=1213.4604
830 : Average=1457.8993Best=1213.4604
831 : Average=1447.629Best=1213.4604
832 : Average=1453.2169Best=1213.4604
833 : Average=1463.5692Best=1213.4604
834 : Average=1456.5977Best=1213.4604
835 : Average=1457.014Best=1213.4604
836 : Average=1450.4857Best=1213.4604
837 : Average=1447.583Best=1213.4604
838 : Average=1448.5973Best=1213.4604
839 : Average=1449.33Best=1213.4604
840 : Average=1456.0059Best=1213.4604
841 : Average=1461.6366Best=1213.4604
842 : Average=1462.1971Best=1213.4604
843 : Average=1469.2262Best=1213.4604
844 : Average=1459.9612Best=1213.4604
845 : Average=1451.5107Best=1213.4604
846 : Average=1460.7867Best=1213.4604
847 : Average=1452.7596Best=1213.4604
848 : Average=1454.615Best=1213.4604
849 : Average=1459.8386Best=1213.4604
850 : Average=1452.0675Best=1213.4604
851 : Average=1456.9318Best=1213.4604
852 : Average=1455.3555Best=1213.4604
853 : Average=1447.4739Best=1213.4604
854 : Average=1447.6458Best=1213.4604
855 : Average=1455.4478Best=1213.4604
856 : Average=1454.7417Best=1213.4604
857 : Average=1458.0656Best=1213.4604
858 : Average=1447.5184Best=1213.4604
859 : Average=1458.5021Best=1213.4604
860 : Average=1454.0046Best=1213.4604
861 : Average=1455.4873Best=1213.4604
862 : Average=1446.4243Best=1213.4604
863 : Average=1459.7424Best=1213.4604
864 : Average=1461.3649Best=1213.4604
865 : Average=1458.5593Best=1213.4604
866 : Average=1461.224Best=1213.4604
867 : Average=1461.4952Best=1213.4604
868 : Average=1454.7537Best=1213.4604
869 : Average=1447.1449Best=1213.4604
870 : Average=1444.3499Best=1213.4604
871 : Average=1455.1721Best=1213.4604
872 : Average=1456.3967Best=1213.4604
873 : Average=1454.205Best=1213.4604
874 : Average=1451.2142Best=1213.4604
875 : Average=1457.3646Best=1213.4604
876 : Average=1454.2112Best=1213.4604
877 : Average=1457.4825Best=1213.4604
878 : Average=1450.8453Best=1213.4604
879 : Average=1446.7064Best=1213.4604
880 : Average=1455.5942Best=1213.4604
881 : Average=1460.4482Best=1213.4604
882 : Average=1458.0641Best=1213.4604
883 : Average=1450.649Best=1213.4604
884 : Average=1456.3386Best=1213.4604
885 : Average=1450.5365Best=1213.4604
886 : Average=1456.3956Best=1213.4604
887 : Average=1457.5632Best=1213.4604
888 : Average=1445.8845Best=1213.4604
889 : Average=1443.9684Best=1213.4604
890 : Average=1445.6648Best=1213.4604
891 : Average=1440.1394Best=1213.4604
892 : Average=1461.871Best=1213.4604
893 : Average=1452.8872Best=1213.4604
894 : Average=1463.6613Best=1213.4604
895 : Average=1458.1476Best=1213.4604
896 : Average=1452.4556Best=1213.4604
897 : Average=1450.1271Best=1213.4604
898 : Average=1456.7699Best=1213.4604
899 : Average=1457.1189Best=1213.4604
900 : Average=1452.5734Best=1213.4604
901 : Average=1461.6083Best=1213.4604
902 : Average=1457.5481Best=1213.4604
903 : Average=1451.191Best=1213.4604
904 : Average=1450.4595Best=1213.4604
905 : Average=1452.4703Best=1213.4604
906 : Average=1450.0632Best=1213.4604
907 : Average=1459.5513Best=1213.4604
908 : Average=1459.7949Best=1213.4604
909 : Average=1451.1031Best=1213.4604
910 : Average=1441.0209Best=1213.4604
911 : Average=1448.14Best=1213.4604
912 : Average=1446.5674Best=1213.4604
913 : Average=1452.5135Best=1213.4604
914 : Average=1453.8481Best=1213.4604
915 : Average=1457.5679Best=1213.4604
916 : Average=1455.4819Best=1213.4604
917 : Average=1451.2324Best=1213.4604
918 : Average=1449.6614Best=1213.4604
919 : Average=1457.8248Best=1213.4604
920 : Average=1453.6918Best=1213.4604
921 : Average=1454.4111Best=1213.4604
922 : Average=1458.2261Best=1213.4604
923 : Average=1454.8534Best=1213.4604
924 : Average=1450.6233Best=1213.4604
925 : Average=1448.1732Best=1213.4604
926 : Average=1456.1339Best=1213.4604
927 : Average=1444.7086Best=1213.4604
928 : Average=1447.763Best=1213.4604
929 : Average=1452.8898Best=1213.4604
930 : Average=1448.8262Best=1213.4604
931 : Average=1453.0437Best=1213.4604
932 : Average=1455.4069Best=1213.4604
933 : Average=1451.2455Best=1213.4604
934 : Average=1451.5688Best=1213.4604
935 : Average=1458.0991Best=1213.4604
936 : Average=1461.5411Best=1213.4604
937 : Average=1454.2999Best=1213.4604
938 : Average=1459.0205Best=1213.4604
939 : Average=1454.6533Best=1213.4604
940 : Average=1464.9415Best=1213.4604
941 : Average=1463.9363Best=1213.4604
942 : Average=1453.316Best=1213.4604
943 : Average=1455.6136Best=1213.4604
944 : Average=1459.4207Best=1213.4604
945 : Average=1451.0188Best=1213.4604
946 : Average=1448.3792Best=1213.4604
947 : Average=1448.4755Best=1213.4604
948 : Average=1451.3539Best=1213.4604
949 : Average=1441.4878Best=1213.4604
950 : Average=1449.8253Best=1213.4604
951 : Average=1458.0242Best=1213.4604
952 : Average=1459.3234Best=1213.4604
953 : Average=1455.11Best=1213.4604
954 : Average=1460.0469Best=1213.4604
955 : Average=1465.7269Best=1213.4604
956 : Average=1466.779Best=1213.4604
957 : Average=1458.8121Best=1213.4604
958 : Average=1453.865Best=1213.4604
959 : Average=1456.0671Best=1213.4604
960 : Average=1459.4598Best=1213.4604
961 : Average=1453.8557Best=1213.4604
962 : Average=1455.2932Best=1213.4604
963 : Average=1451.611Best=1213.4604
964 : Average=1454.291Best=1213.4604
965 : Average=1456.3351Best=1213.4604
966 : Average=1448.1075Best=1213.4604
967 : Average=1445.4207Best=1213.4604
968 : Average=1451.1357Best=1213.4604
969 : Average=1453.234Best=1213.4604
970 : Average=1454.9888Best=1213.4604
971 : Average=1459.0469Best=1213.4604
972 : Average=1461.4196Best=1213.4604
973 : Average=1457.5449Best=1213.4604
974 : Average=1462.0743Best=1213.4604
975 : Average=1461.6682Best=1213.4604
976 : Average=1462.7745Best=1213.4604
977 : Average=1448.9448Best=1213.4604
978 : Average=1446.8835Best=1213.4604
979 : Average=1441.1741Best=1213.4604
980 : Average=1450.3812Best=1213.4604
981 : Average=1450.9391Best=1213.4604
982 : Average=1454.629Best=1213.4604
983 : Average=1444.8988Best=1213.4604
984 : Average=1453.1558Best=1213.4604
985 : Average=1449.2075Best=1213.4604
986 : Average=1444.3556Best=1183.9829
987 : Average=1448.2809Best=1183.9829
988 : Average=1454.0828Best=1183.9829
989 : Average=1455.5381Best=1183.9829
990 : Average=1456.2505Best=1183.9829
991 : Average=1452.7395Best=1183.9829
992 : Average=1451.5997Best=1183.9829
993 : Average=1451.813Best=1183.9829
994 : Average=1454.4014Best=1183.9829
995 : Average=1457.8933Best=1183.9829
996 : Average=1447.1713Best=1183.9829
997 : Average=1447.7722Best=1183.9829
998 : Average=1449.6184Best=1183.9829
999 : Average=1448.5588Best=1183.9829
EOF
